# 1 0 30 45
0 0 2 3 1 1 4 2 3 2 3 0 2 0 1 0 3 1 3 0 2 4 0 2 2 0 3 0 3 2 
1 26 1 1 21 1 1 13 1 1 7 1 2 28 1 2 18 1 2 17 1 2 11 1 2 8 1 3 6 1 4 29 1 4 27 1 4 9 1 5 20 1 6 30 1 6 29 1 6 9 1 7 22 1 7 21 1 8 28 1 8 18 1 8 17 1 8 11 1 9 30 1 11 28 1 11 18 1 11 17 1 13 26 1 13 23 1 14 23 1 14 15 1 15 23 1 15 17 1 17 28 1 17 23 1 17 18 1 18 28 1 18 23 1 19 24 1 21 22 1 23 26 1 24 29 1 24 27 1 27 29 1 29 30 1 
# 2 0 30 46
0 0 2 3 1 1 4 2 3 2 3 0 2 0 1 0 3 1 3 0 2 4 0 2 2 0 3 0 3 2 
1 26 1 1 21 1 1 13 1 1 7 1 2 28 1 2 18 1 2 17 1 2 11 1 2 8 1 3 9 1 3 6 1 4 30 1 4 29 1 4 27 1 4 9 1 4 6 1 5 20 1 6 30 1 6 29 1 6 9 1 7 22 1 7 21 1 8 28 1 8 18 1 8 17 1 8 11 1 9 30 1 11 28 1 11 18 1 11 17 1 13 26 1 13 23 1 14 23 1 14 17 1 14 15 1 15 23 1 15 17 1 17 23 1 17 18 1 18 28 1 18 23 1 19 24 1 21 22 1 23 26 1 27 29 1 29 30 1 
# 3 0 30 43
0 0 2 3 1 1 4 2 3 2 3 0 2 0 1 0 3 1 3 0 2 4 0 2 2 0 3 0 3 2 
1 26 1 1 13 1 1 7 1 2 28 1 2 18 1 2 17 1 2 11 1 2 8 1 3 9 1 3 6 1 4 29 1 4 27 1 5 20 1 6 30 1 6 9 1 7 22 1 7 21 1 8 28 1 8 18 1 8 17 1 8 11 1 9 30 1 11 28 1 11 18 1 11 17 1 13 26 1 13 23 1 13 17 1 14 23 1 14 17 1 14 15 1 15 23 1 15 17 1 17 23 1 17 18 1 18 28 1 19 27 1 19 24 1 21 22 1 23 26 1 24 27 1 27 29 1 29 30 1 
# 4 0 30 41
0 0 2 3 1 1 4 2 3 2 3 0 2 0 1 0 3 1 3 0 2 4 0 2 2 0 3 0 3 2 
1 26 1 1 13 1 1 7 1 2 28 1 2 18 1 2 17 1 2 11 1 2 8 1 3 9 1 3 6 1 4 29 1 4 27 1 6 30 1 6 9 1 7 22 1 7 21 1 8 28 1 8 18 1 8 17 1 8 11 1 9 30 1 11 28 1 11 18 1 11 17 1 13 26 1 13 23 1 14 23 1 14 17 1 14 15 1 15 23 1 15 17 1 17 23 1 17 18 1 18 28 1 19 27 1 19 24 1 21 22 1 23 26 1 24 29 1 24 27 1 27 29 1 
# 5 0 30 46
0 0 2 3 1 1 4 2 3 2 3 0 2 0 1 0 3 1 3 0 2 4 0 2 2 0 3 0 3 2 
1 26 1 1 23 1 1 13 1 1 7 1 2 28 1 2 18 1 2 17 1 2 11 1 2 8 1 3 30 1 3 9 1 3 6 1 4 29 1 4 27 1 6 30 1 6 9 1 7 22 1 7 21 1 8 28 1 8 18 1 8 17 1 8 11 1 9 30 1 11 28 1 11 18 1 11 17 1 13 26 1 13 23 1 14 17 1 14 15 1 15 23 1 15 18 1 15 17 1 17 28 1 17 23 1 17 18 1 18 28 1 18 23 1 19 29 1 19 27 1 19 24 1 21 22 1 23 26 1 24 29 1 24 27 1 27 29 1 
# 6 0 30 53
0 0 2 3 1 1 4 2 3 2 3 0 2 0 1 0 3 1 3 0 2 4 0 2 2 0 3 0 3 2 
1 26 1 1 23 1 1 13 1 1 7 1 2 28 1 2 18 1 2 17 1 2 11 1 2 8 1 3 30 1 3 9 1 3 6 1 4 29 1 4 27 1 6 30 1 6 9 1 7 22 1 7 21 1 7 10 1 8 28 1 8 18 1 8 11 1 9 30 1 10 25 1 11 28 1 11 26 1 11 23 1 11 18 1 11 17 1 13 26 1 13 23 1 14 20 1 14 17 1 14 15 1 15 23 1 15 18 1 15 17 1 16 19 1 17 28 1 17 23 1 17 18 1 18 28 1 18 26 1 18 23 1 19 29 1 19 27 1 19 24 1 21 22 1 23 26 1 24 29 1 24 27 1 25 30 1 27 29 1 
# 7 0 30 55
0 0 2 3 1 1 4 2 3 2 3 0 2 0 1 0 3 1 3 0 2 4 0 2 2 0 3 0 3 2 
1 26 1 1 23 1 1 13 1 1 7 1 2 28 1 2 26 1 2 23 1 2 18 1 2 17 1 2 11 1 2 8 1 3 30 1 3 9 1 3 6 1 4 29 1 4 27 1 6 30 1 6 9 1 7 25 1 7 22 1 7 21 1 7 10 1 8 28 1 8 18 1 8 11 1 9 30 1 10 25 1 11 28 1 11 26 1 11 23 1 11 18 1 11 17 1 11 15 1 13 26 1 13 23 1 14 17 1 14 15 1 15 23 1 15 18 1 15 17 1 16 24 1 16 19 1 17 23 1 17 18 1 18 28 1 18 26 1 18 23 1 19 29 1 19 27 1 19 24 1 21 22 1 23 26 1 24 29 1 24 27 1 27 29 1 
# 8 0 30 53
0 0 2 3 1 1 4 2 3 2 3 0 2 0 1 0 3 1 3 0 2 4 0 2 2 0 3 0 3 2 
1 26 1 1 23 1 1 13 1 1 7 1 2 28 1 2 23 1 2 18 1 2 17 1 2 11 1 2 8 1 3 30 1 3 9 1 4 29 1 4 27 1 6 30 1 6 9 1 7 22 1 7 21 1 7 10 1 8 28 1 8 18 1 8 17 1 8 11 1 9 30 1 10 25 1 11 28 1 11 23 1 11 18 1 11 17 1 13 26 1 13 23 1 14 20 1 14 17 1 14 15 1 15 26 1 15 23 1 15 18 1 15 17 1 16 19 1 17 28 1 17 26 1 17 23 1 17 18 1 18 28 1 18 23 1 19 29 1 19 27 1 19 24 1 21 22 1 23 26 1 24 29 1 24 27 1 27 29 1 
# 9 0 30 57
0 0 2 3 1 1 4 2 3 2 3 0 2 0 1 0 3 1 3 0 2 4 0 2 2 0 3 0 3 2 
1 26 1 1 23 1 1 13 1 1 7 1 2 28 1 2 23 1 2 18 1 2 17 1 2 15 1 2 11 1 2 8 1 3 30 1 3 9 1 3 6 1 4 29 1 4 27 1 4 24 1 6 30 1 6 9 1 7 22 1 7 10 1 8 28 1 8 18 1 8 17 1 8 11 1 9 30 1 10 25 1 11 28 1 11 23 1 11 18 1 11 17 1 11 15 1 13 26 1 13 23 1 14 20 1 14 17 1 14 15 1 15 28 1 15 23 1 15 18 1 15 17 1 16 19 1 17 28 1 17 26 1 17 23 1 17 18 1 18 28 1 18 26 1 18 23 1 19 29 1 19 27 1 19 24 1 21 22 1 23 26 1 24 29 1 24 27 1 27 29 1 
# 10 0 30 55
0 0 2 3 1 1 4 2 3 2 3 0 2 0 1 0 3 1 3 0 2 4 0 2 2 0 3 0 3 2 
1 26 1 1 13 1 1 7 1 2 28 1 2 18 1 2 17 1 2 15 1 2 11 1 2 8 1 3 30 1 3 9 1 3 6 1 4 29 1 4 27 1 6 30 1 6 27 1 6 9 1 7 22 1 7 21 1 8 28 1 8 18 1 8 11 1 9 30 1 10 25 1 11 28 1 11 23 1 11 18 1 11 17 1 13 26 1 13 23 1 14 20 1 14 17 1 14 15 1 15 28 1 15 23 1 15 18 1 15 17 1 16 24 1 16 19 1 17 28 1 17 26 1 17 23 1 17 18 1 18 28 1 18 26 1 18 23 1 19 29 1 19 27 1 19 24 1 21 22 1 23 26 1 24 29 1 24 27 1 25 30 1 27 29 1 
# 11 0 30 54
0 0 2 3 1 1 4 2 3 2 3 0 2 0 1 0 3 1 3 0 2 4 0 2 2 0 3 0 3 2 
1 26 1 1 22 1 1 13 1 1 7 1 2 28 1 2 18 1 2 17 1 2 15 1 2 11 1 2 8 1 3 30 1 3 9 1 3 6 1 4 29 1 4 27 1 4 6 1 6 30 1 6 27 1 6 9 1 7 22 1 7 21 1 7 10 1 8 28 1 8 18 1 8 11 1 10 25 1 11 28 1 11 18 1 11 17 1 13 26 1 13 23 1 14 20 1 14 17 1 14 15 1 15 28 1 15 18 1 15 17 1 16 24 1 16 19 1 17 28 1 17 26 1 17 23 1 17 18 1 18 28 1 18 26 1 18 23 1 19 29 1 19 27 1 19 24 1 21 22 1 23 26 1 24 29 1 24 27 1 27 29 1 
# 12 0 30 56
0 0 2 3 1 1 4 2 3 2 3 0 2 0 1 0 3 1 3 0 2 4 0 2 2 0 3 0 3 2 
1 23 1 1 13 1 1 7 1 2 28 1 2 18 1 2 17 1 2 15 1 2 11 1 2 8 1 3 30 1 3 9 1 4 29 1 4 27 1 4 9 1 4 6 1 6 30 1 6 27 1 6 9 1 7 22 1 7 21 1 7 10 1 8 28 1 8 18 1 8 11 1 10 25 1 11 28 1 11 18 1 11 17 1 13 26 1 13 23 1 13 17 1 14 20 1 14 17 1 14 15 1 15 28 1 15 26 1 15 18 1 15 17 1 16 24 1 16 19 1 17 28 1 17 26 1 17 23 1 17 18 1 18 28 1 18 26 1 18 23 1 19 29 1 19 27 1 19 24 1 21 22 1 23 26 1 24 29 1 24 27 1 25 30 1 27 29 1 
# 13 0 30 57
0 0 2 3 1 1 4 2 3 2 3 0 2 0 1 0 3 1 3 0 2 4 0 2 2 0 3 0 3 2 
1 26 1 1 23 1 1 13 1 2 28 1 2 18 1 2 17 1 2 15 1 2 11 1 2 8 1 3 30 1 3 9 1 4 29 1 4 27 1 4 9 1 4 6 1 6 30 1 6 27 1 6 9 1 7 22 1 7 21 1 7 10 1 8 28 1 8 18 1 8 17 1 8 11 1 10 25 1 11 28 1 11 18 1 11 17 1 13 26 1 13 23 1 13 18 1 13 17 1 14 20 1 14 15 1 15 28 1 15 26 1 15 18 1 15 17 1 16 24 1 16 19 1 17 28 1 17 26 1 17 23 1 17 18 1 18 28 1 18 26 1 18 23 1 19 29 1 19 27 1 19 24 1 21 22 1 23 26 1 24 29 1 24 27 1 25 30 1 27 29 1 
# 14 0 30 60
0 0 2 3 1 1 4 2 3 2 3 0 2 0 1 0 3 1 3 0 2 4 0 2 2 0 3 0 3 2 
1 26 1 1 23 1 1 13 1 2 28 1 2 18 1 2 17 1 2 15 1 2 11 1 2 8 1 3 30 1 3 9 1 4 29 1 4 27 1 4 24 1 4 19 1 4 6 1 6 30 1 6 29 1 6 27 1 6 24 1 6 9 1 7 22 1 7 21 1 7 10 1 8 28 1 8 18 1 8 17 1 8 15 1 8 11 1 10 25 1 11 28 1 11 18 1 11 17 1 13 26 1 13 23 1 13 18 1 13 17 1 14 20 1 14 17 1 14 15 1 15 28 1 15 18 1 15 17 1 16 29 1 16 24 1 16 19 1 17 28 1 17 26 1 17 18 1 18 28 1 18 26 1 19 29 1 19 27 1 19 24 1 21 22 1 23 26 1 24 29 1 24 27 1 25 30 1 27 29 1 
# 15 0 30 59
0 0 2 3 1 1 4 2 3 2 3 0 2 0 1 0 3 1 3 0 2 4 0 2 2 0 3 0 3 2 
1 26 1 1 23 1 1 13 1 2 28 1 2 18 1 2 17 1 2 15 1 2 11 1 2 8 1 3 9 1 4 29 1 4 27 1 4 24 1 4 19 1 4 6 1 6 30 1 6 29 1 6 27 1 6 24 1 6 9 1 7 22 1 7 21 1 7 10 1 8 28 1 8 18 1 8 17 1 8 15 1 8 11 1 10 25 1 11 28 1 11 18 1 13 26 1 13 23 1 13 18 1 13 17 1 14 17 1 14 15 1 15 28 1 15 18 1 15 17 1 16 24 1 16 19 1 17 28 1 17 26 1 17 23 1 17 18 1 18 28 1 18 26 1 18 23 1 19 29 1 19 27 1 19 24 1 21 22 1 23 26 1 24 29 1 24 27 1 25 30 1 27 30 1 27 29 1 
# 16 0 30 57
0 0 2 3 1 1 4 2 3 2 3 0 2 0 1 0 3 1 3 0 2 4 0 2 2 0 3 0 3 2 
1 26 1 1 22 1 1 13 1 1 7 1 2 28 1 2 18 1 2 17 1 2 15 1 2 11 1 2 8 1 3 9 1 4 29 1 4 27 1 4 24 1 4 19 1 4 6 1 6 29 1 6 27 1 6 24 1 6 9 1 7 22 1 7 21 1 7 10 1 8 28 1 8 18 1 8 17 1 8 15 1 8 11 1 10 25 1 11 23 1 11 18 1 11 17 1 13 26 1 13 23 1 13 18 1 13 17 1 14 15 1 15 28 1 15 17 1 16 24 1 16 19 1 17 28 1 17 26 1 17 23 1 17 18 1 18 28 1 18 23 1 19 29 1 19 27 1 19 24 1 21 22 1 23 26 1 24 29 1 24 27 1 25 30 1 27 30 1 27 29 1 
# 17 0 30 53
0 0 2 3 1 1 4 2 3 2 3 0 2 0 1 0 3 1 3 0 2 4 0 2 2 0 3 0 3 2 
1 26 1 1 23 1 1 13 1 1 7 1 2 28 1 2 18 1 2 17 1 2 15 1 2 8 1 3 9 1 4 29 1 4 27 1 4 24 1 4 19 1 4 6 1 6 29 1 6 27 1 6 24 1 6 9 1 7 22 1 7 21 1 7 10 1 8 28 1 8 18 1 8 17 1 8 15 1 8 11 1 10 22 1 11 18 1 11 17 1 13 26 1 13 23 1 13 18 1 14 15 1 15 28 1 15 17 1 16 24 1 16 19 1 17 28 1 17 26 1 17 23 1 17 18 1 18 28 1 18 23 1 19 29 1 19 27 1 19 24 1 21 22 1 23 26 1 24 29 1 24 27 1 25 30 1 27 29 1 
# 18 0 30 51
0 0 2 3 1 1 4 2 3 2 3 0 2 0 1 0 3 1 3 0 2 4 0 2 2 0 3 0 3 2 
1 26 1 1 13 1 1 7 1 2 28 1 2 18 1 2 17 1 2 15 1 2 14 1 2 8 1 3 9 1 4 29 1 4 27 1 4 24 1 4 19 1 4 6 1 6 30 1 6 29 1 6 27 1 6 24 1 6 9 1 7 22 1 7 10 1 8 28 1 8 18 1 8 17 1 8 15 1 10 22 1 11 23 1 11 18 1 13 26 1 13 23 1 14 15 1 15 28 1 15 18 1 15 17 1 16 27 1 16 24 1 16 19 1 17 28 1 17 18 1 18 28 1 18 23 1 19 29 1 19 27 1 19 24 1 21 22 1 23 26 1 24 29 1 24 27 1 25 30 1 27 29 1 
# 19 0 30 52
0 0 2 3 1 1 4 2 3 2 3 0 2 0 1 0 3 1 3 0 2 4 0 2 2 0 3 0 3 2 
1 26 1 1 13 1 1 10 1 1 7 1 2 28 1 2 18 1 2 17 1 2 15 1 2 14 1 2 8 1 3 30 1 3 9 1 3 6 1 4 29 1 4 27 1 4 24 1 4 19 1 4 6 1 6 30 1 6 29 1 6 27 1 6 24 1 6 9 1 7 22 1 7 10 1 8 28 1 8 18 1 8 17 1 9 30 1 10 22 1 11 23 1 13 26 1 13 23 1 14 15 1 15 28 1 15 18 1 15 17 1 16 27 1 16 24 1 16 19 1 17 28 1 17 18 1 18 28 1 19 29 1 19 27 1 19 24 1 21 22 1 23 26 1 24 29 1 24 27 1 25 30 1 27 29 1 
# 20 0 30 51
0 0 2 3 1 1 4 2 3 2 3 0 2 0 1 0 3 1 3 0 2 4 0 2 2 0 3 0 3 2 
1 26 1 1 13 1 1 7 1 2 28 1 2 18 1 2 17 1 2 15 1 2 14 1 2 8 1 3 9 1 4 29 1 4 27 1 4 24 1 4 19 1 4 6 1 6 30 1 6 29 1 6 27 1 6 24 1 6 9 1 7 22 1 7 10 1 8 28 1 8 18 1 8 17 1 8 15 1 9 30 1 9 29 1 13 26 1 13 23 1 14 20 1 14 15 1 15 28 1 15 26 1 15 18 1 15 17 1 16 27 1 16 24 1 16 19 1 17 28 1 17 18 1 18 28 1 19 29 1 19 27 1 19 24 1 21 22 1 23 26 1 24 29 1 24 27 1 25 30 1 27 29 1 
# 21 0 30 50
0 0 2 3 1 1 4 2 3 2 3 0 2 0 1 0 3 1 3 0 2 4 0 2 2 0 3 0 3 2 
1 26 1 1 13 1 1 7 1 2 28 1 2 18 1 2 17 1 2 15 1 2 14 1 2 8 1 3 9 1 4 29 1 4 27 1 4 24 1 4 19 1 4 6 1 6 29 1 6 27 1 6 24 1 6 9 1 7 22 1 7 10 1 8 28 1 8 18 1 8 17 1 8 11 1 9 29 1 11 23 1 13 26 1 13 23 1 14 28 1 14 18 1 14 17 1 14 15 1 15 28 1 15 26 1 15 18 1 15 17 1 16 19 1 17 28 1 17 18 1 18 28 1 19 29 1 19 27 1 19 24 1 21 22 1 23 26 1 24 29 1 24 27 1 25 30 1 27 29 1 
# 22 0 30 49
0 0 2 3 1 1 4 2 3 2 3 0 2 0 1 0 3 1 3 0 2 4 0 2 2 0 3 0 3 2 
1 26 1 1 13 1 1 7 1 2 28 1 2 18 1 2 17 1 2 15 1 2 14 1 2 8 1 3 9 1 4 29 1 4 27 1 4 24 1 4 19 1 4 6 1 6 29 1 6 27 1 6 24 1 6 9 1 7 22 1 7 10 1 8 28 1 8 18 1 8 17 1 8 11 1 9 29 1 9 27 1 13 26 1 13 23 1 14 28 1 14 17 1 14 15 1 15 28 1 15 18 1 15 17 1 16 24 1 16 19 1 17 28 1 17 18 1 18 28 1 19 29 1 19 27 1 19 24 1 21 22 1 23 26 1 24 29 1 24 27 1 25 30 1 27 29 1 
# 23 0 30 53
0 0 2 3 1 1 4 2 3 2 3 0 2 0 1 0 3 1 3 0 2 4 0 2 2 0 3 0 3 2 
1 26 1 1 13 1 1 7 1 2 28 1 2 18 1 2 17 1 2 15 1 2 14 1 2 8 1 3 9 1 4 29 1 4 27 1 4 24 1 4 19 1 4 6 1 6 29 1 6 27 1 6 24 1 6 19 1 6 9 1 7 22 1 7 21 1 7 10 1 8 28 1 8 23 1 8 18 1 8 17 1 8 11 1 9 29 1 9 27 1 13 26 1 13 23 1 14 28 1 14 17 1 14 15 1 15 28 1 15 18 1 15 17 1 16 19 1 17 28 1 17 23 1 17 18 1 18 28 1 19 29 1 19 27 1 19 24 1 21 22 1 23 26 1 24 29 1 24 27 1 25 30 1 27 30 1 27 29 1 
# 24 0 30 51
0 0 2 3 1 1 4 2 3 2 3 0 2 0 1 0 3 1 3 0 2 4 0 2 2 0 3 0 3 2 
1 26 1 1 25 1 1 22 1 1 13 1 1 7 1 2 28 1 2 18 1 2 17 1 2 15 1 2 14 1 2 8 1 4 29 1 4 27 1 4 24 1 4 19 1 4 9 1 4 6 1 6 29 1 6 27 1 6 24 1 6 19 1 6 9 1 7 22 1 8 28 1 8 18 1 8 17 1 8 11 1 9 29 1 9 27 1 9 24 1 13 26 1 13 23 1 14 28 1 14 18 1 14 17 1 14 15 1 15 28 1 15 18 1 15 17 1 16 19 1 17 28 1 17 18 1 18 28 1 19 29 1 19 27 1 19 24 1 23 26 1 24 29 1 24 27 1 25 30 1 27 29 1 
# 25 0 30 52
0 0 2 3 1 1 4 2 3 2 3 0 2 0 1 0 3 1 3 0 2 4 0 2 2 0 3 0 3 2 
1 22 1 1 13 1 1 7 1 2 28 1 2 18 1 2 17 1 2 15 1 2 14 1 3 9 1 4 29 1 4 27 1 4 24 1 4 19 1 4 9 1 4 6 1 6 29 1 6 27 1 6 24 1 6 19 1 6 9 1 7 22 1 7 21 1 8 18 1 8 17 1 8 11 1 9 29 1 9 24 1 13 26 1 13 23 1 14 28 1 14 18 1 14 17 1 14 15 1 15 28 1 15 18 1 15 17 1 16 27 1 17 28 1 17 26 1 17 23 1 17 18 1 18 28 1 19 29 1 19 27 1 19 24 1 20 22 1 23 26 1 24 29 1 24 27 1 25 30 1 27 29 1 29 30 1 
# 26 0 30 51
0 0 2 3 1 1 4 2 3 2 3 0 2 0 1 0 3 1 3 0 2 4 0 2 2 0 3 0 3 2 
1 25 1 1 22 1 1 7 1 2 28 1 2 18 1 2 17 1 2 15 1 2 14 1 3 9 1 4 29 1 4 27 1 4 24 1 4 19 1 4 9 1 4 6 1 6 29 1 6 27 1 6 24 1 6 19 1 6 9 1 7 22 1 7 21 1 8 18 1 8 11 1 9 29 1 13 26 1 13 23 1 13 17 1 14 28 1 14 18 1 14 17 1 14 15 1 15 28 1 15 18 1 15 17 1 16 27 1 17 28 1 17 26 1 17 18 1 18 28 1 18 26 1 19 29 1 19 27 1 19 24 1 20 22 1 21 22 1 23 26 1 24 29 1 24 27 1 25 30 1 27 29 1 
# 27 0 30 51
0 0 2 3 1 1 4 2 3 2 3 0 2 0 1 0 3 1 3 0 2 4 0 2 2 0 3 0 3 2 
1 25 1 1 22 1 1 7 1 2 28 1 2 18 1 2 17 1 2 15 1 2 14 1 3 9 1 4 29 1 4 27 1 4 24 1 4 19 1 4 9 1 4 6 1 6 29 1 6 27 1 6 24 1 6 19 1 6 9 1 7 22 1 7 21 1 8 18 1 8 17 1 8 11 1 9 29 1 13 26 1 13 23 1 13 17 1 14 28 1 14 18 1 14 17 1 14 15 1 15 28 1 15 18 1 15 17 1 16 19 1 17 28 1 17 26 1 17 23 1 17 18 1 18 28 1 19 29 1 19 27 1 19 24 1 20 22 1 23 26 1 24 29 1 24 27 1 25 30 1 27 29 1 
# 28 0 30 54
0 0 2 3 1 1 4 2 3 2 3 0 2 0 1 0 3 1 3 0 2 4 0 2 2 0 3 0 3 2 
1 25 1 1 7 1 2 28 1 2 18 1 2 17 1 2 15 1 2 14 1 3 29 1 3 9 1 4 29 1 4 27 1 4 24 1 4 19 1 4 9 1 4 6 1 6 29 1 6 27 1 6 24 1 6 19 1 6 9 1 7 22 1 7 21 1 7 10 1 8 18 1 8 17 1 8 11 1 9 29 1 9 24 1 13 26 1 13 23 1 13 17 1 14 28 1 14 18 1 14 17 1 14 15 1 15 28 1 15 18 1 15 17 1 16 19 1 17 28 1 17 26 1 17 23 1 17 18 1 18 28 1 19 27 1 19 24 1 20 22 1 21 22 1 23 26 1 24 29 1 24 27 1 25 30 1 27 29 1 29 30 1 
# 29 0 30 53
0 0 2 3 1 1 4 2 3 2 3 0 2 0 1 0 3 1 3 0 2 4 0 2 2 0 3 0 3 2 
1 25 1 1 7 1 2 28 1 2 18 1 2 17 1 2 15 1 2 14 1 2 8 1 3 29 1 3 9 1 4 27 1 4 24 1 4 19 1 4 6 1 6 29 1 6 27 1 6 24 1 6 9 1 7 22 1 7 21 1 7 10 1 8 18 1 8 17 1 8 14 1 8 11 1 9 29 1 9 24 1 11 23 1 13 26 1 13 23 1 13 17 1 14 28 1 14 18 1 14 17 1 14 15 1 15 28 1 15 18 1 15 17 1 16 27 1 16 19 1 17 28 1 17 26 1 17 23 1 17 18 1 18 28 1 19 27 1 19 24 1 20 22 1 21 22 1 23 26 1 24 29 1 24 27 1 25 30 1 
# 30 0 30 48
0 0 2 3 1 1 4 2 3 2 3 0 2 0 1 0 3 1 3 0 2 4 0 2 2 0 3 0 3 2 
1 7 1 2 28 1 2 18 1 2 17 1 2 15 1 2 14 1 3 29 1 3 9 1 4 27 1 4 24 1 4 19 1 4 6 1 6 29 1 6 27 1 6 24 1 6 9 1 7 22 1 7 10 1 8 18 1 8 17 1 8 14 1 8 11 1 9 29 1 9 24 1 11 23 1 13 26 1 13 23 1 13 17 1 14 28 1 14 18 1 14 17 1 14 15 1 15 28 1 15 26 1 15 17 1 16 19 1 17 28 1 17 26 1 17 18 1 18 28 1 19 27 1 19 24 1 20 22 1 21 22 1 23 26 1 24 29 1 24 27 1 25 30 1 
# 31 0 30 47
0 0 2 3 1 1 4 2 3 2 3 0 2 0 1 0 3 1 3 0 2 4 0 2 2 0 3 0 3 2 
1 7 1 2 28 1 2 18 1 2 17 1 2 15 1 2 14 1 3 29 1 3 9 1 3 6 1 4 27 1 4 24 1 4 19 1 4 6 1 6 30 1 6 29 1 6 24 1 6 9 1 7 22 1 7 10 1 8 28 1 8 18 1 8 17 1 8 14 1 8 11 1 9 29 1 11 18 1 13 26 1 13 23 1 14 28 1 14 18 1 14 17 1 14 15 1 15 28 1 15 17 1 16 19 1 17 28 1 17 26 1 17 18 1 18 28 1 19 27 1 19 24 1 20 22 1 23 26 1 24 30 1 24 29 1 24 27 1 25 30 1 
# 32 0 30 43
0 0 2 3 1 1 4 2 3 2 3 0 2 0 1 0 3 1 3 0 2 4 0 2 2 0 3 0 3 2 
1 7 1 2 28 1 2 18 1 2 17 1 2 15 1 2 14 1 2 8 1 3 29 1 3 9 1 3 6 1 4 27 1 4 24 1 4 19 1 4 6 1 6 29 1 6 24 1 6 9 1 7 22 1 7 10 1 8 18 1 8 17 1 8 14 1 8 11 1 9 29 1 13 26 1 13 23 1 14 28 1 14 18 1 14 17 1 14 15 1 15 28 1 15 17 1 16 19 1 17 28 1 17 26 1 17 18 1 18 28 1 19 27 1 19 24 1 23 26 1 24 30 1 24 27 1 25 30 1 
# 33 0 30 46
0 0 2 3 1 1 4 2 3 2 3 0 2 0 1 0 3 1 3 0 2 4 0 2 2 0 3 0 3 2 
1 7 1 2 28 1 2 18 1 2 17 1 2 15 1 2 14 1 2 8 1 3 29 1 3 9 1 3 6 1 4 27 1 4 24 1 4 19 1 4 9 1 4 6 1 6 30 1 6 29 1 6 24 1 6 9 1 7 22 1 7 10 1 8 28 1 8 18 1 8 17 1 8 11 1 9 29 1 9 24 1 13 26 1 13 23 1 14 28 1 14 18 1 14 17 1 14 15 1 15 28 1 15 17 1 16 19 1 17 28 1 17 18 1 18 28 1 19 27 1 19 24 1 21 22 1 23 26 1 24 30 1 24 27 1 25 30 1 
# 34 0 30 46
0 0 2 3 1 1 4 2 3 2 3 0 2 0 1 0 3 1 3 0 2 4 0 2 2 0 3 0 3 2 
1 7 1 2 28 1 2 18 1 2 17 1 2 15 1 2 14 1 2 8 1 3 29 1 3 9 1 3 6 1 4 29 1 4 27 1 4 24 1 4 19 1 4 6 1 6 30 1 6 29 1 6 24 1 6 9 1 7 22 1 7 10 1 8 18 1 8 17 1 8 14 1 8 11 1 9 29 1 13 26 1 13 23 1 14 28 1 14 18 1 14 17 1 14 15 1 15 28 1 15 20 1 15 17 1 16 27 1 16 19 1 17 28 1 17 18 1 18 28 1 19 27 1 19 24 1 21 22 1 24 30 1 24 27 1 25 30 1 
# 35 0 30 46
0 0 2 3 1 1 4 2 3 2 3 0 2 0 1 0 3 1 3 0 2 4 0 2 2 0 3 0 3 2 
1 7 1 2 28 1 2 18 1 2 17 1 2 15 1 2 14 1 2 8 1 3 29 1 3 9 1 3 6 1 4 27 1 4 24 1 4 6 1 6 30 1 6 29 1 6 9 1 7 22 1 7 10 1 8 28 1 8 18 1 8 17 1 8 14 1 8 11 1 9 29 1 11 17 1 13 26 1 13 23 1 14 28 1 14 18 1 14 17 1 14 15 1 15 28 1 15 18 1 15 17 1 16 27 1 16 24 1 16 19 1 17 28 1 17 18 1 18 28 1 19 27 1 19 24 1 21 22 1 24 30 1 24 27 1 25 30 1 
# 36 0 30 45
0 0 2 3 1 1 4 2 3 2 3 0 2 0 1 0 3 1 3 0 2 4 0 2 2 0 3 0 3 2 
1 13 1 1 7 1 2 28 1 2 18 1 2 17 1 2 15 1 2 14 1 2 8 1 3 29 1 3 9 1 3 6 1 4 27 1 4 24 1 6 30 1 6 29 1 6 9 1 7 22 1 7 10 1 8 28 1 8 18 1 8 17 1 8 14 1 8 11 1 9 29 1 11 23 1 11 17 1 13 26 1 13 25 1 13 23 1 14 28 1 14 18 1 14 17 1 14 15 1 15 28 1 15 26 1 15 17 1 16 19 1 17 28 1 17 18 1 18 28 1 19 27 1 19 24 1 21 22 1 24 27 1 25 30 1 
# 37 0 30 44
0 0 2 3 1 1 4 2 3 2 3 0 2 0 1 0 3 1 3 0 2 4 0 2 2 0 3 0 3 2 
1 7 1 2 28 1 2 18 1 2 17 1 2 15 1 2 14 1 2 8 1 3 29 1 3 9 1 3 6 1 4 29 1 4 27 1 4 24 1 4 6 1 6 29 1 6 25 1 6 9 1 7 22 1 7 10 1 8 28 1 8 18 1 8 17 1 8 14 1 8 11 1 9 29 1 11 23 1 11 17 1 13 25 1 13 23 1 14 28 1 14 18 1 14 17 1 14 15 1 15 28 1 15 26 1 16 19 1 17 28 1 17 18 1 18 28 1 19 27 1 19 24 1 21 22 1 24 27 1 25 30 1 
# 38 0 30 43
0 0 2 3 1 1 4 2 3 2 3 0 2 0 1 0 3 1 3 0 2 4 0 2 2 0 3 0 3 2 
1 7 1 2 28 1 2 18 1 2 17 1 2 15 1 2 14 1 2 8 1 3 29 1 3 9 1 3 6 1 4 29 1 4 27 1 4 24 1 4 6 1 6 29 1 6 24 1 6 9 1 7 22 1 7 10 1 8 28 1 8 18 1 8 17 1 8 14 1 8 11 1 9 29 1 11 23 1 11 17 1 13 25 1 13 23 1 14 28 1 14 18 1 14 15 1 15 28 1 15 26 1 16 19 1 17 18 1 18 28 1 19 27 1 19 24 1 21 22 1 24 30 1 24 27 1 25 30 1 
# 39 0 30 44
0 0 2 3 1 1 4 2 3 2 3 0 2 0 1 0 3 1 3 0 2 4 0 2 2 0 3 0 3 2 
1 10 1 1 7 1 2 28 1 2 18 1 2 17 1 2 14 1 2 8 1 3 29 1 3 9 1 3 6 1 4 29 1 4 27 1 4 24 1 4 6 1 6 30 1 6 29 1 6 24 1 6 9 1 7 22 1 7 10 1 8 28 1 8 18 1 8 17 1 8 11 1 9 29 1 10 16 1 11 23 1 11 17 1 13 25 1 13 23 1 14 28 1 14 18 1 14 15 1 15 26 1 15 20 1 16 19 1 17 18 1 18 28 1 19 27 1 19 24 1 21 22 1 24 30 1 24 27 1 25 30 1 
# 40 0 30 47
0 0 2 3 1 1 4 2 3 2 3 0 2 0 1 0 3 1 3 0 2 4 0 2 2 0 3 0 3 2 
1 25 1 1 13 1 1 10 1 1 7 1 2 28 1 2 18 1 2 17 1 2 14 1 2 8 1 3 29 1 3 9 1 3 6 1 4 29 1 4 27 1 4 24 1 4 6 1 6 30 1 6 29 1 6 27 1 6 24 1 6 9 1 7 22 1 7 10 1 8 28 1 8 18 1 8 17 1 8 11 1 9 29 1 11 23 1 11 17 1 13 25 1 13 23 1 14 28 1 14 18 1 14 15 1 15 28 1 15 26 1 16 19 1 17 28 1 17 18 1 18 28 1 19 27 1 19 24 1 21 22 1 24 30 1 24 27 1 25 30 1 
# 41 0 30 46
0 0 2 3 1 1 4 2 3 2 3 0 2 0 1 0 3 1 3 0 2 4 0 2 2 0 3 0 3 2 
1 25 1 1 7 1 2 28 1 2 18 1 2 17 1 2 11 1 2 8 1 3 29 1 3 9 1 3 6 1 3 4 1 4 29 1 4 27 1 4 24 1 4 9 1 4 6 1 6 30 1 6 29 1 6 27 1 6 24 1 6 9 1 7 22 1 8 28 1 8 18 1 8 17 1 8 11 1 9 29 1 11 23 1 11 17 1 13 25 1 13 23 1 14 28 1 14 18 1 14 15 1 15 28 1 15 26 1 16 19 1 17 28 1 17 18 1 18 28 1 19 27 1 19 24 1 21 22 1 24 30 1 24 27 1 27 30 1 
# 42 0 30 43
0 0 2 3 1 1 4 2 3 2 3 0 2 0 1 0 3 1 3 0 2 4 0 2 2 0 3 0 3 2 
1 10 1 1 7 1 2 28 1 2 18 1 2 17 1 2 11 1 2 8 1 3 29 1 3 9 1 3 6 1 3 4 1 4 29 1 4 27 1 4 24 1 4 9 1 4 6 1 6 30 1 6 29 1 6 24 1 6 9 1 7 10 1 8 28 1 8 18 1 8 17 1 8 11 1 9 29 1 11 23 1 11 17 1 13 25 1 13 23 1 14 28 1 14 18 1 14 15 1 15 26 1 16 19 1 17 28 1 17 18 1 18 28 1 19 27 1 19 24 1 21 22 1 24 30 1 24 27 1 
# 43 0 30 43
0 0 2 3 1 1 4 2 3 2 3 0 2 0 1 0 3 1 3 0 2 4 0 2 2 0 3 0 3 2 
1 10 1 1 7 1 2 28 1 2 18 1 2 17 1 2 11 1 2 8 1 3 29 1 3 9 1 3 6 1 3 4 1 4 29 1 4 27 1 4 24 1 4 9 1 4 6 1 6 30 1 6 29 1 6 27 1 6 24 1 6 9 1 7 10 1 8 28 1 8 18 1 8 17 1 8 11 1 9 29 1 11 17 1 13 25 1 13 23 1 14 28 1 14 15 1 15 28 1 15 26 1 16 19 1 17 28 1 17 18 1 18 28 1 19 27 1 21 22 1 23 25 1 24 30 1 24 27 1 
# 44 0 30 43
0 0 2 3 1 1 4 2 3 2 3 0 2 0 1 0 3 1 3 0 2 4 0 2 2 0 3 0 3 2 
1 25 1 1 10 1 1 7 1 2 18 1 2 17 1 2 11 1 2 8 1 3 9 1 4 29 1 4 27 1 4 24 1 4 9 1 4 6 1 6 30 1 6 29 1 6 24 1 6 9 1 7 10 1 8 28 1 8 18 1 8 17 1 8 11 1 9 29 1 10 16 1 11 18 1 11 17 1 13 25 1 13 23 1 14 28 1 14 15 1 15 28 1 15 26 1 16 24 1 16 19 1 17 28 1 17 18 1 18 28 1 19 27 1 21 22 1 23 25 1 24 30 1 24 27 1 25 30 1 
# 45 0 30 44
0 0 2 3 1 1 4 2 3 2 3 0 2 0 1 0 3 1 3 0 2 4 0 2 2 0 3 0 3 2 
1 25 1 1 7 1 2 18 1 2 17 1 2 11 1 2 8 1 3 23 1 3 9 1 4 29 1 4 27 1 4 24 1 4 9 1 4 6 1 6 30 1 6 29 1 6 27 1 6 24 1 6 9 1 7 22 1 7 21 1 7 10 1 8 28 1 8 18 1 8 17 1 8 11 1 9 29 1 10 16 1 11 18 1 11 17 1 13 25 1 13 23 1 14 28 1 14 15 1 15 28 1 16 19 1 17 28 1 17 18 1 18 28 1 19 27 1 19 24 1 21 22 1 24 30 1 24 27 1 25 30 1 
# 46 0 30 46
0 0 2 3 1 1 4 2 3 2 3 0 2 0 1 0 3 1 3 0 2 4 0 2 2 0 3 0 3 2 
1 30 1 1 25 1 1 10 1 1 7 1 2 18 1 2 17 1 2 11 1 2 8 1 3 30 1 3 23 1 3 9 1 4 29 1 4 27 1 4 24 1 4 9 1 4 6 1 6 29 1 6 24 1 6 9 1 7 22 1 7 21 1 7 10 1 8 28 1 8 18 1 8 17 1 8 11 1 9 29 1 10 21 1 11 18 1 11 17 1 13 26 1 13 25 1 13 23 1 14 28 1 14 15 1 15 28 1 16 19 1 17 28 1 17 18 1 18 28 1 19 27 1 19 24 1 21 22 1 24 30 1 24 27 1 25 30 1 
# 47 0 30 41
0 0 2 3 1 1 4 2 3 2 3 0 2 0 1 0 3 1 3 0 2 4 0 2 2 0 3 0 3 2 
1 25 1 1 10 1 1 7 1 2 18 1 2 17 1 2 11 1 3 30 1 3 23 1 3 9 1 4 29 1 4 27 1 4 24 1 4 9 1 4 6 1 6 29 1 6 27 1 6 24 1 6 9 1 7 22 1 7 21 1 7 10 1 8 18 1 8 17 1 9 29 1 10 21 1 11 17 1 13 30 1 13 26 1 13 25 1 13 23 1 14 28 1 14 15 1 15 28 1 16 19 1 17 18 1 18 28 1 19 27 1 19 24 1 21 22 1 24 27 1 25 30 1 
# 48 0 30 40
0 0 2 3 1 1 4 2 3 2 3 0 2 0 1 0 3 1 3 0 2 4 0 2 2 0 3 0 3 2 
1 25 1 1 10 1 1 7 1 2 18 1 2 17 1 2 11 1 3 30 1 3 23 1 3 13 1 3 9 1 4 29 1 4 24 1 4 9 1 4 6 1 6 29 1 6 27 1 6 24 1 6 9 1 7 10 1 8 28 1 8 18 1 8 17 1 9 29 1 10 22 1 10 21 1 13 30 1 13 25 1 13 23 1 14 28 1 14 15 1 15 28 1 16 19 1 17 28 1 17 18 1 18 28 1 19 27 1 19 24 1 21 22 1 24 27 1 25 30 1 
# 49 0 30 40
0 0 2 3 1 1 4 2 3 2 3 0 2 0 1 0 3 1 3 0 2 4 0 2 2 0 3 0 3 2 
1 25 1 1 10 1 1 7 1 2 28 1 2 18 1 2 17 1 2 11 1 3 30 1 3 23 1 3 13 1 3 9 1 4 29 1 4 24 1 4 9 1 4 6 1 6 29 1 6 27 1 6 24 1 6 9 1 7 25 1 7 10 1 8 28 1 8 18 1 8 17 1 9 29 1 10 22 1 11 18 1 11 17 1 13 30 1 13 25 1 14 28 1 14 15 1 15 28 1 17 18 1 18 28 1 19 27 1 19 24 1 21 22 1 24 27 1 25 30 1 
# 50 0 30 38
0 0 2 3 1 1 4 2 3 2 3 0 2 0 1 0 3 1 3 0 2 4 0 2 2 0 3 0 3 2 
1 25 1 1 22 1 1 10 1 1 7 1 2 17 1 2 11 1 3 30 1 3 23 1 3 13 1 3 9 1 4 29 1 4 24 1 4 9 1 4 6 1 6 29 1 6 27 1 6 24 1 7 22 1 7 10 1 8 28 1 8 18 1 8 17 1 11 17 1 13 30 1 13 25 1 13 23 1 14 28 1 14 15 1 15 28 1 17 28 1 17 18 1 18 28 1 19 27 1 21 22 1 23 30 1 24 29 1 24 27 1 25 30 1 
# 51 0 30 37
0 0 2 3 1 1 4 2 3 2 3 0 2 0 1 0 3 1 3 0 2 4 0 2 2 0 3 0 3 2 
1 25 1 1 22 1 1 10 1 1 7 1 2 11 1 3 30 1 3 23 1 3 9 1 4 29 1 4 24 1 4 9 1 4 6 1 6 29 1 6 27 1 6 24 1 7 25 1 7 22 1 7 10 1 8 18 1 8 17 1 9 23 1 10 25 1 13 30 1 13 25 1 14 28 1 14 15 1 15 28 1 16 19 1 17 28 1 17 18 1 18 28 1 19 27 1 21 22 1 24 29 1 24 27 1 25 30 1 26 28 1 
# 52 0 30 39
0 0 2 3 1 1 4 2 3 2 3 0 2 0 1 0 3 1 3 0 2 4 0 2 2 0 3 0 3 2 
1 25 1 1 13 1 1 10 1 1 7 1 2 28 1 2 11 1 3 30 1 3 23 1 3 9 1 4 29 1 4 27 1 4 24 1 4 9 1 4 6 1 6 29 1 6 27 1 6 24 1 6 9 1 7 22 1 7 10 1 8 18 1 8 17 1 9 29 1 13 30 1 13 25 1 14 28 1 14 15 1 15 28 1 15 26 1 16 19 1 17 18 1 18 28 1 19 27 1 19 24 1 21 22 1 24 29 1 24 27 1 25 30 1 26 28 1 
# 53 0 30 33
0 0 2 3 1 1 4 2 3 2 3 0 2 0 1 0 3 1 3 0 2 4 0 2 2 0 3 0 3 2 
1 25 1 1 10 1 1 7 1 2 26 1 2 11 1 3 30 1 3 23 1 3 13 1 3 9 1 4 29 1 4 27 1 4 24 1 4 9 1 4 6 1 6 29 1 6 27 1 6 24 1 6 9 1 7 10 1 8 18 1 8 17 1 13 30 1 13 25 1 14 28 1 14 15 1 15 28 1 16 19 1 17 18 1 19 27 1 21 22 1 24 27 1 25 30 1 26 28 1 
# 54 0 30 33
0 0 2 3 1 1 4 2 3 2 3 0 2 0 1 0 3 1 3 0 2 4 0 2 2 0 3 0 3 2 
1 25 1 1 10 1 1 7 1 2 26 1 2 11 1 3 30 1 3 23 1 3 13 1 3 9 1 3 4 1 4 29 1 4 24 1 4 9 1 4 6 1 6 29 1 6 24 1 6 9 1 7 10 1 8 18 1 8 17 1 9 29 1 11 17 1 13 30 1 13 25 1 14 28 1 14 15 1 15 28 1 16 19 1 17 18 1 21 22 1 24 27 1 25 30 1 26 28 1 
# 55 0 30 34
0 0 2 3 1 1 4 2 3 2 3 0 2 0 1 0 3 1 3 0 2 4 0 2 2 0 3 0 3 2 
1 25 1 1 10 1 1 7 1 2 28 1 2 26 1 2 11 1 3 30 1 3 23 1 3 13 1 3 9 1 4 29 1 4 24 1 4 9 1 4 6 1 6 29 1 6 24 1 6 9 1 7 10 1 8 18 1 8 17 1 9 23 1 11 17 1 13 30 1 13 25 1 13 23 1 14 28 1 14 15 1 15 28 1 17 18 1 19 27 1 24 27 1 25 30 1 25 26 1 26 28 1 
# 56 0 30 34
0 0 2 3 1 1 4 2 3 2 3 0 2 0 1 0 3 1 3 0 2 4 0 2 2 0 3 0 3 2 
1 25 1 1 10 1 1 7 1 2 26 1 3 30 1 3 23 1 3 13 1 3 9 1 4 29 1 4 27 1 4 24 1 4 9 1 4 6 1 6 29 1 6 24 1 6 9 1 7 10 1 8 18 1 8 17 1 9 23 1 11 18 1 11 17 1 13 30 1 13 25 1 13 23 1 14 28 1 14 15 1 15 28 1 17 18 1 19 27 1 24 27 1 25 30 1 25 26 1 26 28 1 
# 57 0 30 34
0 0 2 3 1 1 4 2 3 2 3 0 2 0 1 0 3 1 3 0 2 4 0 2 2 0 3 0 3 2 
1 10 1 1 7 1 2 26 1 2 13 1 2 11 1 3 30 1 3 23 1 3 13 1 3 9 1 4 29 1 4 27 1 4 24 1 4 6 1 6 29 1 6 27 1 6 24 1 6 9 1 7 10 1 8 18 1 8 17 1 9 23 1 11 17 1 13 30 1 13 26 1 13 25 1 14 28 1 14 15 1 15 28 1 16 19 1 17 18 1 24 27 1 25 30 1 25 26 1 26 28 1 
# 58 0 30 34
0 0 2 3 1 1 4 2 3 2 3 0 2 0 1 0 3 1 3 0 2 4 0 2 2 0 3 0 3 2 
1 10 1 1 7 1 2 26 1 2 25 1 2 13 1 3 30 1 3 23 1 3 13 1 3 9 1 4 29 1 4 27 1 4 24 1 4 6 1 6 29 1 6 27 1 6 24 1 6 9 1 7 21 1 7 10 1 8 18 1 8 17 1 9 23 1 13 30 1 13 26 1 13 25 1 14 28 1 14 15 1 15 28 1 16 19 1 17 18 1 24 27 1 25 30 1 25 26 1 26 28 1 
# 59 0 30 37
0 0 2 3 1 1 4 2 3 2 3 0 2 0 1 0 3 1 3 0 2 4 0 2 2 0 3 0 3 2 
1 21 1 1 10 1 1 7 1 2 26 1 2 25 1 2 13 1 3 30 1 3 23 1 3 13 1 3 9 1 4 29 1 4 27 1 4 24 1 4 6 1 6 29 1 6 27 1 6 24 1 7 21 1 7 10 1 8 28 1 8 18 1 8 17 1 8 14 1 9 23 1 10 21 1 13 30 1 13 26 1 13 25 1 14 28 1 14 15 1 15 28 1 15 20 1 16 19 1 17 28 1 17 18 1 24 27 1 25 26 1 
# 60 0 30 40
0 0 2 3 1 1 4 2 3 2 3 0 2 0 1 0 3 1 3 0 2 4 0 2 2 0 3 0 3 2 
1 10 1 1 7 1 2 30 1 2 26 1 2 25 1 2 13 1 3 30 1 3 23 1 3 13 1 3 9 1 4 29 1 4 27 1 4 24 1 4 6 1 6 29 1 6 27 1 6 24 1 7 21 1 7 10 1 8 28 1 8 18 1 8 17 1 8 15 1 8 14 1 9 30 1 9 23 1 13 30 1 13 23 1 14 28 1 14 17 1 14 15 1 15 28 1 15 26 1 16 19 1 17 18 1 19 24 1 23 30 1 24 27 1 25 26 1 26 28 1 
# 61 0 30 40
0 0 2 3 1 1 4 2 3 2 3 0 2 0 1 0 3 1 3 0 2 4 0 2 2 0 3 0 3 2 
1 10 1 1 7 1 2 30 1 2 26 1 2 25 1 2 13 1 3 30 1 3 23 1 3 13 1 3 9 1 4 29 1 4 27 1 4 24 1 4 6 1 6 29 1 6 27 1 6 24 1 7 21 1 7 10 1 8 28 1 8 18 1 8 17 1 8 14 1 9 30 1 9 23 1 13 30 1 13 23 1 14 28 1 14 17 1 14 15 1 15 28 1 15 26 1 15 20 1 16 19 1 17 18 1 22 25 1 23 30 1 24 27 1 25 26 1 26 28 1 
# 62 0 30 41
0 0 2 3 1 1 4 2 3 2 3 0 2 0 1 0 3 1 3 0 2 4 0 2 2 0 3 0 3 2 
1 10 1 1 7 1 2 30 1 2 26 1 2 25 1 2 13 1 3 30 1 3 23 1 3 13 1 3 9 1 4 29 1 4 27 1 4 24 1 4 6 1 6 29 1 6 27 1 6 24 1 6 9 1 7 21 1 7 10 1 8 28 1 8 18 1 8 17 1 8 14 1 9 30 1 9 23 1 10 21 1 13 30 1 13 23 1 14 28 1 14 15 1 15 28 1 15 26 1 16 19 1 17 18 1 22 26 1 22 25 1 23 30 1 24 27 1 25 26 1 26 28 1 
# 63 0 30 40
0 0 2 3 1 1 4 2 3 2 3 0 2 0 1 0 3 1 3 0 2 4 0 2 2 0 3 0 3 2 
1 10 1 1 7 1 2 30 1 2 26 1 2 25 1 2 13 1 3 30 1 3 23 1 3 13 1 3 9 1 4 29 1 4 27 1 4 24 1 4 6 1 6 29 1 6 27 1 6 24 1 7 21 1 7 10 1 8 28 1 8 18 1 8 17 1 8 14 1 9 30 1 9 23 1 10 21 1 13 30 1 14 28 1 14 15 1 15 28 1 15 26 1 16 19 1 17 28 1 17 18 1 22 26 1 22 25 1 23 30 1 24 29 1 24 27 1 25 26 1 
# 64 0 30 41
0 0 2 3 1 1 4 2 3 2 3 0 2 0 1 0 3 1 3 0 2 4 0 2 2 0 3 0 3 2 
1 10 1 1 7 1 2 26 1 2 25 1 2 13 1 3 30 1 3 23 1 3 9 1 4 29 1 4 27 1 4 24 1 4 6 1 6 29 1 6 27 1 6 24 1 7 21 1 7 10 1 8 28 1 8 18 1 8 17 1 9 30 1 9 23 1 10 21 1 13 30 1 14 28 1 14 26 1 14 15 1 15 28 1 15 26 1 15 25 1 15 22 1 16 19 1 17 18 1 20 22 1 22 26 1 22 25 1 23 30 1 24 29 1 24 27 1 25 26 1 26 28 1 
# 65 0 30 40
0 0 2 3 1 1 4 2 3 2 3 0 2 0 1 0 3 1 3 0 2 4 0 2 2 0 3 0 3 2 
1 21 1 1 10 1 1 7 1 2 26 1 2 25 1 2 13 1 3 30 1 3 23 1 3 13 1 3 9 1 4 29 1 4 27 1 4 24 1 4 6 1 6 29 1 6 24 1 7 21 1 7 10 1 8 28 1 8 18 1 8 17 1 8 14 1 9 30 1 9 23 1 10 21 1 13 30 1 14 28 1 14 26 1 14 15 1 15 26 1 15 25 1 15 22 1 16 19 1 17 18 1 20 22 1 22 26 1 23 30 1 24 29 1 24 27 1 25 26 1 
# 66 0 30 42
0 0 2 3 1 1 4 2 3 2 3 0 2 0 1 0 3 1 3 0 2 4 0 2 2 0 3 0 3 2 
1 10 1 1 7 1 2 26 1 2 25 1 2 13 1 3 30 1 3 23 1 3 13 1 3 9 1 4 29 1 4 27 1 4 24 1 4 6 1 6 29 1 6 27 1 6 24 1 7 21 1 7 10 1 8 28 1 8 18 1 8 17 1 8 14 1 9 30 1 9 23 1 10 21 1 11 18 1 11 17 1 13 30 1 14 28 1 14 15 1 15 28 1 15 26 1 15 25 1 15 22 1 16 19 1 17 18 1 20 22 1 22 26 1 23 30 1 24 29 1 24 27 1 25 26 1 
# 67 0 30 39
0 0 2 3 1 1 4 2 3 2 3 0 2 0 1 0 3 1 3 0 2 4 0 2 2 0 3 0 3 2 
1 10 1 2 26 1 2 25 1 2 13 1 3 30 1 3 23 1 3 13 1 3 9 1 4 29 1 4 27 1 4 24 1 4 6 1 6 29 1 6 27 1 6 24 1 7 21 1 7 10 1 8 28 1 8 18 1 8 17 1 8 14 1 9 30 1 9 23 1 10 21 1 11 13 1 12 16 1 13 30 1 14 28 1 14 15 1 15 28 1 15 26 1 15 25 1 16 19 1 17 18 1 20 22 1 23 30 1 24 29 1 24 27 1 25 26 1 
# 68 0 30 38
0 0 2 3 1 1 4 2 3 2 3 0 2 0 1 0 3 1 3 0 2 4 0 2 2 0 3 0 3 2 
1 10 1 1 7 1 2 25 1 2 13 1 3 30 1 3 23 1 3 13 1 3 9 1 4 29 1 4 24 1 4 6 1 6 29 1 6 27 1 6 24 1 7 21 1 8 28 1 8 18 1 8 17 1 8 14 1 9 30 1 9 23 1 13 30 1 13 23 1 14 28 1 14 15 1 15 28 1 15 26 1 15 25 1 16 21 1 16 19 1 17 28 1 17 18 1 20 22 1 22 26 1 23 30 1 24 29 1 24 27 1 25 26 1 
# 69 0 30 43
0 0 2 3 1 1 4 2 3 2 3 0 2 0 1 0 3 1 3 0 2 4 0 2 2 0 3 0 3 2 
1 21 1 1 10 1 1 7 1 2 25 1 2 13 1 3 30 1 3 23 1 3 13 1 3 9 1 4 29 1 4 27 1 4 24 1 4 6 1 6 30 1 6 29 1 6 27 1 6 24 1 7 21 1 8 28 1 8 18 1 8 17 1 8 14 1 9 30 1 9 23 1 9 13 1 11 17 1 13 30 1 13 23 1 14 28 1 14 15 1 15 28 1 15 26 1 15 25 1 16 21 1 16 19 1 17 18 1 20 22 1 22 26 1 23 30 1 24 29 1 24 27 1 25 26 1 27 29 1 
# 70 0 30 42
0 0 2 3 1 1 4 2 3 2 3 0 2 0 1 0 3 1 3 0 2 4 0 2 2 0 3 0 3 2 
1 21 1 1 10 1 1 7 1 2 25 1 2 15 1 2 13 1 3 30 1 3 23 1 3 13 1 3 9 1 4 29 1 4 27 1 4 24 1 4 6 1 6 30 1 6 29 1 6 27 1 6 24 1 7 21 1 8 28 1 8 18 1 8 17 1 8 14 1 9 30 1 9 23 1 11 17 1 13 30 1 14 28 1 14 15 1 15 28 1 15 26 1 15 25 1 16 21 1 16 19 1 17 18 1 20 22 1 22 26 1 23 30 1 24 29 1 24 27 1 25 26 1 27 29 1 
# 71 0 30 43
0 0 2 3 1 1 4 2 3 2 3 0 2 0 1 0 3 1 3 0 2 4 0 2 2 0 3 0 3 2 
1 21 1 1 16 1 1 10 1 2 25 1 2 15 1 2 13 1 3 30 1 3 23 1 3 13 1 3 9 1 4 29 1 4 27 1 4 24 1 4 6 1 6 30 1 6 29 1 6 27 1 6 24 1 7 21 1 7 16 1 8 28 1 8 18 1 8 17 1 8 15 1 8 14 1 9 30 1 9 23 1 11 17 1 14 28 1 14 15 1 15 28 1 15 26 1 15 25 1 16 21 1 16 19 1 17 18 1 20 22 1 22 26 1 23 30 1 24 29 1 24 27 1 25 26 1 27 29 1 
# 72 0 30 45
0 0 2 3 1 1 4 2 3 2 3 0 2 0 1 0 3 1 3 0 2 4 0 2 2 0 3 0 3 2 
1 21 1 1 16 1 1 10 1 2 26 1 2 25 1 2 15 1 2 13 1 3 30 1 3 23 1 3 13 1 3 9 1 4 29 1 4 27 1 4 24 1 4 6 1 6 30 1 6 29 1 6 27 1 6 24 1 7 21 1 7 16 1 8 28 1 8 18 1 8 17 1 8 14 1 9 30 1 9 23 1 11 18 1 11 17 1 14 28 1 14 15 1 15 28 1 15 26 1 15 25 1 16 21 1 16 19 1 17 18 1 20 22 1 22 26 1 22 25 1 23 30 1 24 29 1 24 27 1 25 26 1 27 29 1 
# 73 0 30 46
0 0 2 3 1 1 4 2 3 2 3 0 2 0 1 0 3 1 3 0 2 4 0 2 2 0 3 0 3 2 
1 19 1 1 16 1 1 10 1 2 25 1 2 13 1 3 30 1 3 23 1 3 13 1 3 9 1 4 29 1 4 27 1 4 24 1 4 6 1 6 29 1 6 27 1 6 24 1 7 21 1 7 16 1 8 28 1 8 17 1 8 15 1 8 14 1 9 30 1 9 23 1 9 13 1 11 18 1 11 17 1 13 30 1 13 23 1 14 28 1 14 17 1 14 15 1 15 28 1 15 26 1 15 25 1 16 21 1 16 19 1 17 18 1 20 22 1 22 26 1 22 25 1 23 30 1 24 29 1 24 27 1 25 26 1 27 29 1 
# 74 0 30 43
0 0 2 3 1 1 4 2 3 2 3 0 2 0 1 0 3 1 3 0 2 4 0 2 2 0 3 0 3 2 
1 19 1 1 10 1 2 25 1 2 15 1 2 13 1 3 30 1 3 23 1 3 13 1 3 9 1 4 29 1 4 27 1 4 24 1 4 6 1 6 29 1 6 27 1 6 24 1 7 21 1 7 16 1 8 28 1 8 18 1 8 17 1 8 14 1 9 30 1 9 23 1 9 13 1 10 19 1 11 17 1 13 30 1 13 23 1 14 28 1 15 26 1 15 25 1 15 22 1 16 21 1 17 18 1 20 22 1 22 26 1 22 25 1 23 30 1 24 29 1 24 27 1 25 26 1 27 29 1 
# 75 0 30 43
0 0 2 3 1 1 4 2 3 2 3 0 2 0 1 0 3 1 3 0 2 4 0 2 2 0 3 0 3 2 
1 19 1 1 10 1 2 25 1 2 15 1 2 13 1 3 30 1 3 23 1 3 13 1 3 9 1 4 29 1 4 27 1 4 24 1 4 6 1 6 29 1 6 27 1 6 24 1 7 21 1 7 16 1 8 28 1 8 17 1 8 14 1 9 30 1 9 23 1 9 13 1 10 27 1 10 19 1 11 17 1 13 30 1 13 23 1 14 28 1 14 15 1 15 26 1 15 25 1 16 21 1 17 18 1 20 22 1 22 26 1 22 25 1 23 30 1 24 29 1 24 27 1 25 26 1 27 29 1 
# 76 0 30 42
0 0 2 3 1 1 4 2 3 2 3 0 2 0 1 0 3 1 3 0 2 4 0 2 2 0 3 0 3 2 
1 10 1 2 25 1 2 15 1 2 13 1 3 30 1 3 23 1 3 13 1 3 9 1 4 29 1 4 27 1 4 24 1 4 6 1 6 29 1 6 27 1 6 24 1 7 21 1 7 16 1 8 28 1 8 15 1 8 14 1 9 30 1 9 23 1 9 13 1 10 19 1 11 17 1 13 30 1 13 23 1 14 28 1 14 15 1 15 26 1 15 25 1 16 21 1 17 18 1 19 27 1 20 22 1 22 26 1 22 25 1 23 30 1 24 29 1 24 27 1 25 26 1 27 29 1 
# 77 0 30 40
0 0 2 3 1 1 4 2 3 2 3 0 2 0 1 0 3 1 3 0 2 4 0 2 2 0 3 0 3 2 
1 10 1 2 25 1 2 15 1 2 13 1 3 30 1 3 23 1 3 13 1 3 9 1 4 29 1 4 27 1 4 24 1 4 6 1 6 29 1 6 27 1 6 24 1 7 21 1 8 28 1 8 15 1 8 14 1 9 30 1 9 23 1 10 27 1 10 19 1 11 17 1 13 30 1 13 23 1 14 28 1 14 15 1 15 25 1 16 21 1 17 18 1 19 27 1 20 22 1 22 26 1 22 25 1 23 30 1 24 29 1 24 27 1 25 26 1 27 29 1 
# 78 0 30 42
0 0 2 3 1 1 4 2 3 2 3 0 2 0 1 0 3 1 3 0 2 4 0 2 2 0 3 0 3 2 
1 10 1 2 25 1 2 15 1 3 30 1 3 23 1 3 13 1 3 11 1 3 9 1 4 29 1 4 27 1 4 24 1 4 10 1 4 6 1 6 29 1 6 27 1 6 24 1 7 21 1 8 28 1 8 15 1 8 14 1 9 30 1 9 23 1 10 27 1 10 19 1 11 17 1 11 13 1 13 30 1 13 23 1 14 28 1 15 25 1 16 21 1 17 18 1 19 27 1 20 26 1 20 22 1 22 26 1 22 25 1 23 30 1 24 29 1 24 27 1 25 26 1 27 29 1 
# 79 0 30 38
0 0 2 3 1 1 4 2 3 2 3 0 2 0 1 0 3 1 3 0 2 4 0 2 2 0 3 0 3 2 
1 19 1 1 10 1 2 25 1 2 15 1 3 30 1 3 23 1 3 13 1 3 9 1 4 29 1 4 27 1 4 24 1 4 6 1 6 29 1 6 27 1 6 24 1 7 21 1 8 28 1 8 15 1 8 14 1 9 30 1 9 23 1 9 13 1 10 19 1 11 17 1 13 30 1 13 23 1 14 28 1 15 25 1 16 21 1 17 18 1 20 22 1 22 26 1 22 25 1 23 30 1 24 29 1 24 27 1 25 26 1 27 29 1 
# 80 0 30 37
0 0 2 3 1 1 4 2 3 2 3 0 2 0 1 0 3 1 3 0 2 4 0 2 2 0 3 0 3 2 
1 21 1 1 19 1 1 10 1 2 25 1 2 15 1 3 30 1 3 23 1 3 13 1 4 29 1 4 27 1 4 24 1 4 19 1 4 10 1 4 6 1 6 29 1 6 27 1 6 24 1 7 21 1 8 28 1 8 14 1 9 30 1 9 23 1 11 17 1 13 30 1 13 23 1 14 28 1 15 25 1 16 21 1 17 18 1 20 22 1 22 26 1 22 25 1 23 30 1 24 29 1 24 27 1 25 26 1 27 29 1 
# 81 0 30 40
0 0 2 3 1 1 4 2 3 2 3 0 2 0 1 0 3 1 3 0 2 4 0 2 2 0 3 0 3 2 
1 21 1 1 19 1 1 16 1 1 10 1 2 25 1 2 15 1 3 30 1 3 23 1 3 13 1 4 27 1 4 24 1 4 19 1 4 10 1 4 6 1 6 29 1 6 27 1 6 24 1 7 21 1 7 16 1 8 28 1 8 14 1 9 30 1 9 23 1 10 19 1 11 18 1 11 17 1 13 30 1 13 23 1 14 28 1 15 25 1 16 21 1 17 18 1 20 22 1 22 26 1 22 25 1 23 30 1 24 29 1 24 27 1 25 26 1 27 29 1 
# 82 0 30 37
0 0 2 3 1 1 4 2 3 2 3 0 2 0 1 0 3 1 3 0 2 4 0 2 2 0 3 0 3 2 
1 21 1 1 19 1 1 16 1 1 10 1 2 25 1 2 15 1 2 13 1 3 30 1 3 23 1 3 13 1 4 29 1 4 27 1 4 24 1 4 6 1 6 29 1 6 27 1 6 24 1 7 21 1 7 16 1 8 28 1 8 14 1 9 30 1 9 23 1 11 18 1 11 17 1 13 30 1 14 28 1 15 25 1 16 21 1 17 18 1 19 27 1 20 22 1 22 26 1 23 30 1 24 29 1 24 27 1 25 26 1 
# 83 0 30 42
0 0 2 3 1 1 4 2 3 2 3 0 2 0 1 0 3 1 3 0 2 4 0 2 2 0 3 0 3 2 
1 21 1 1 10 1 2 25 1 2 15 1 2 13 1 2 10 1 3 30 1 3 23 1 3 13 1 3 9 1 4 29 1 4 27 1 4 24 1 4 6 1 6 30 1 6 27 1 6 24 1 7 21 1 7 16 1 8 28 1 8 18 1 8 14 1 9 30 1 9 23 1 10 13 1 11 18 1 11 17 1 13 30 1 13 23 1 14 28 1 14 18 1 15 25 1 16 21 1 17 18 1 19 27 1 20 26 1 20 22 1 22 26 1 23 30 1 24 29 1 24 27 1 25 26 1 
# 84 0 30 44
0 0 2 3 1 1 4 2 3 2 3 0 2 0 1 0 3 1 3 0 2 4 0 2 2 0 3 0 3 2 
2 25 1 2 15 1 2 10 1 3 30 1 3 23 1 3 13 1 3 9 1 4 29 1 4 27 1 4 24 1 4 19 1 4 6 1 6 30 1 6 29 1 6 27 1 7 21 1 7 16 1 8 28 1 8 18 1 8 14 1 9 30 1 9 23 1 9 13 1 10 30 1 10 13 1 11 18 1 11 17 1 11 15 1 13 30 1 13 23 1 14 28 1 14 18 1 15 25 1 16 21 1 17 18 1 19 27 1 19 24 1 20 26 1 20 22 1 22 26 1 23 30 1 24 29 1 24 27 1 25 26 1 
# 85 0 30 42
0 0 2 3 1 1 4 2 3 2 3 0 2 0 1 0 3 1 3 0 2 4 0 2 2 0 3 0 3 2 
1 21 1 1 19 1 1 4 1 2 25 1 2 15 1 2 13 1 3 30 1 3 23 1 3 13 1 3 9 1 4 27 1 4 24 1 4 19 1 4 6 1 6 30 1 6 29 1 6 27 1 6 24 1 7 21 1 7 16 1 8 28 1 8 18 1 8 14 1 9 30 1 9 23 1 10 13 1 11 18 1 11 17 1 11 15 1 13 30 1 14 28 1 14 18 1 15 25 1 16 21 1 17 18 1 19 27 1 19 24 1 20 22 1 22 26 1 23 30 1 24 27 1 25 26 1 
# 86 0 30 38
0 0 2 3 1 1 4 2 3 2 3 0 2 0 1 0 3 1 3 0 2 4 0 2 2 0 3 0 3 2 
1 21 1 1 19 1 1 4 1 2 25 1 2 15 1 2 13 1 2 10 1 3 30 1 3 23 1 3 13 1 4 27 1 4 24 1 4 19 1 4 6 1 6 27 1 6 24 1 7 21 1 7 16 1 8 18 1 8 14 1 9 30 1 9 23 1 10 30 1 10 13 1 11 18 1 11 17 1 11 15 1 13 30 1 14 18 1 15 25 1 16 21 1 17 18 1 19 27 1 19 24 1 20 22 1 22 26 1 23 30 1 24 27 1 
# 87 0 30 39
0 0 2 3 1 1 4 2 3 2 3 0 2 0 1 0 3 1 3 0 2 4 0 2 2 0 3 0 3 2 
1 27 1 1 19 1 1 4 1 2 25 1 2 15 1 2 13 1 2 10 1 3 30 1 3 23 1 3 13 1 4 27 1 4 24 1 4 19 1 4 6 1 6 29 1 6 27 1 6 24 1 7 21 1 7 16 1 8 28 1 8 18 1 8 14 1 9 30 1 9 23 1 10 13 1 11 18 1 11 17 1 13 30 1 14 18 1 15 25 1 16 21 1 17 18 1 19 27 1 19 24 1 20 26 1 20 22 1 22 26 1 23 30 1 24 27 1 
# 88 0 30 40
0 0 2 3 1 1 4 2 3 2 3 0 2 0 1 0 3 1 3 0 2 4 0 2 2 0 3 0 3 2 
1 27 1 1 24 1 1 19 1 1 4 1 2 25 1 2 15 1 2 13 1 2 10 1 3 30 1 3 23 1 3 13 1 3 9 1 4 27 1 4 24 1 4 19 1 4 6 1 6 29 1 6 27 1 6 24 1 7 21 1 7 16 1 8 18 1 8 14 1 8 11 1 9 30 1 9 23 1 10 13 1 11 18 1 11 17 1 13 30 1 14 18 1 15 25 1 16 21 1 17 18 1 19 27 1 19 24 1 20 22 1 22 26 1 23 30 1 24 27 1 
# 89 0 30 44
0 0 2 3 1 1 4 2 3 2 3 0 2 0 1 0 3 1 3 0 2 4 0 2 2 0 3 0 3 2 
1 27 1 1 24 1 1 19 1 1 6 1 1 4 1 2 25 1 2 15 1 2 13 1 2 10 1 3 30 1 3 23 1 3 13 1 3 9 1 4 27 1 4 24 1 4 19 1 4 6 1 6 29 1 6 27 1 6 24 1 7 21 1 7 16 1 8 25 1 8 18 1 8 14 1 8 11 1 9 30 1 9 23 1 11 25 1 11 18 1 11 17 1 13 30 1 13 23 1 14 18 1 15 25 1 16 21 1 17 18 1 19 27 1 19 24 1 20 26 1 20 22 1 22 26 1 23 30 1 24 27 1 
# 90 0 30 45
0 0 2 3 1 1 4 2 3 2 3 0 2 0 1 0 3 1 3 0 2 4 0 2 2 0 3 0 3 2 
1 27 1 1 24 1 1 19 1 1 4 1 2 25 1 2 15 1 2 13 1 2 11 1 2 10 1 3 30 1 3 23 1 3 13 1 4 27 1 4 24 1 4 19 1 4 6 1 6 29 1 6 27 1 6 24 1 7 21 1 7 16 1 8 28 1 8 18 1 8 14 1 8 11 1 9 30 1 9 23 1 10 25 1 10 15 1 10 13 1 11 25 1 11 18 1 11 17 1 13 30 1 13 23 1 14 18 1 15 25 1 16 21 1 19 27 1 19 24 1 20 26 1 20 22 1 22 26 1 23 30 1 24 27 1 
# 91 0 30 38
0 0 2 3 1 1 4 2 3 2 3 0 2 0 1 0 3 1 3 0 2 4 0 2 2 0 3 0 3 2 
1 27 1 1 24 1 1 4 1 2 25 1 2 15 1 2 13 1 2 10 1 3 13 1 3 9 1 4 27 1 4 24 1 4 19 1 4 6 1 6 29 1 6 27 1 6 24 1 7 21 1 7 16 1 8 28 1 8 14 1 9 30 1 9 23 1 11 18 1 11 17 1 13 30 1 13 23 1 14 18 1 15 26 1 15 25 1 16 21 1 17 18 1 19 27 1 19 24 1 20 22 1 22 26 1 23 30 1 24 27 1 25 26 1 
# 92 0 30 42
0 0 2 3 1 1 4 2 3 2 3 0 2 0 1 0 3 1 3 0 2 4 0 2 2 0 3 0 3 2 
1 27 1 1 24 1 1 6 1 1 4 1 2 25 1 2 15 1 2 13 1 2 10 1 3 13 1 3 9 1 4 27 1 4 24 1 4 19 1 4 6 1 6 29 1 6 27 1 6 24 1 7 21 1 7 16 1 8 28 1 9 30 1 9 23 1 9 13 1 10 25 1 10 15 1 11 18 1 11 17 1 11 15 1 13 30 1 13 23 1 14 18 1 15 25 1 16 21 1 17 18 1 19 27 1 19 24 1 20 22 1 22 26 1 23 30 1 23 29 1 24 27 1 25 26 1 
# 93 0 30 43
0 0 2 3 1 1 4 2 3 2 3 0 2 0 1 0 3 1 3 0 2 4 0 2 2 0 3 0 3 2 
1 27 1 1 24 1 1 6 1 1 4 1 2 25 1 2 15 1 2 13 1 2 10 1 3 30 1 3 13 1 3 9 1 4 27 1 4 24 1 4 19 1 4 6 1 6 29 1 6 27 1 6 24 1 7 21 1 7 16 1 8 28 1 9 30 1 9 23 1 9 13 1 10 15 1 11 25 1 11 17 1 13 30 1 13 23 1 14 18 1 14 17 1 15 25 1 16 21 1 17 18 1 19 27 1 19 24 1 20 28 1 20 26 1 20 22 1 22 26 1 23 30 1 24 27 1 25 26 1 
# 94 0 30 42
0 0 2 3 1 1 4 2 3 2 3 0 2 0 1 0 3 1 3 0 2 4 0 2 2 0 3 0 3 2 
1 27 1 1 24 1 1 4 1 2 25 1 2 15 1 2 10 1 3 30 1 3 23 1 3 13 1 3 9 1 4 27 1 4 24 1 4 19 1 4 6 1 6 29 1 6 27 1 6 24 1 7 21 1 7 16 1 8 28 1 9 30 1 9 23 1 9 13 1 10 15 1 11 25 1 11 17 1 11 15 1 13 30 1 13 23 1 14 18 1 14 17 1 15 25 1 16 21 1 17 18 1 19 27 1 19 24 1 20 28 1 20 26 1 20 22 1 22 26 1 23 30 1 24 27 1 
# 95 0 30 42
0 0 2 3 1 1 4 2 3 2 3 0 2 0 1 0 3 1 3 0 2 4 0 2 2 0 3 0 3 2 
1 27 1 1 24 1 1 4 1 2 25 1 2 15 1 2 10 1 3 23 1 3 13 1 3 9 1 4 27 1 4 24 1 4 19 1 4 6 1 6 29 1 6 27 1 6 24 1 7 21 1 7 16 1 8 28 1 9 30 1 9 23 1 9 13 1 10 15 1 11 25 1 11 17 1 11 15 1 13 30 1 13 23 1 14 18 1 14 17 1 15 25 1 16 21 1 17 18 1 19 27 1 19 24 1 20 28 1 20 26 1 20 22 1 22 26 1 23 30 1 24 27 1 29 30 1 
# 96 0 30 42
0 0 2 3 1 1 4 2 3 2 3 0 2 0 1 0 3 1 3 0 2 4 0 2 2 0 3 0 3 2 
1 27 1 1 24 1 1 4 1 2 25 1 2 15 1 2 10 1 3 23 1 3 13 1 3 9 1 4 27 1 4 24 1 4 19 1 4 6 1 6 29 1 6 27 1 6 24 1 7 21 1 7 16 1 8 28 1 9 30 1 9 23 1 9 13 1 10 15 1 11 25 1 11 17 1 12 21 1 13 30 1 13 23 1 14 18 1 14 17 1 15 25 1 16 21 1 17 18 1 19 27 1 19 24 1 20 28 1 20 26 1 20 22 1 22 26 1 23 30 1 24 27 1 29 30 1 
# 97 0 30 43
0 0 2 3 1 1 4 2 3 2 3 0 2 0 1 0 3 1 3 0 2 4 0 2 2 0 3 0 3 2 
1 27 1 1 24 1 1 10 1 1 4 1 2 15 1 2 10 1 3 13 1 3 9 1 4 27 1 4 24 1 4 19 1 4 6 1 6 29 1 6 27 1 6 24 1 7 21 1 7 16 1 8 28 1 8 11 1 9 30 1 9 23 1 9 13 1 10 15 1 11 25 1 11 17 1 12 21 1 13 30 1 13 23 1 14 18 1 14 17 1 15 25 1 16 21 1 17 18 1 19 27 1 19 24 1 20 28 1 20 26 1 20 22 1 22 26 1 23 30 1 24 27 1 25 28 1 29 30 1 
# 98 0 30 40
0 0 2 3 1 1 4 2 3 2 3 0 2 0 1 0 3 1 3 0 2 4 0 2 2 0 3 0 3 2 
1 27 1 1 10 1 1 4 1 2 15 1 2 10 1 3 13 1 3 9 1 4 27 1 4 24 1 4 19 1 4 6 1 6 29 1 6 27 1 6 24 1 7 21 1 7 16 1 8 28 1 9 23 1 9 13 1 10 15 1 11 25 1 11 17 1 11 14 1 13 30 1 13 23 1 14 18 1 14 17 1 15 25 1 16 21 1 17 18 1 19 27 1 19 24 1 20 28 1 20 26 1 20 22 1 22 26 1 23 30 1 23 29 1 24 27 1 29 30 1 
# 99 0 30 40
0 0 2 3 1 1 4 2 3 2 3 0 2 0 1 0 3 1 3 0 2 4 0 2 2 0 3 0 3 2 
1 27 1 1 10 1 1 4 1 2 15 1 2 10 1 3 13 1 3 9 1 4 27 1 4 24 1 4 19 1 6 29 1 6 27 1 6 24 1 7 21 1 7 16 1 8 28 1 8 11 1 9 23 1 9 13 1 10 15 1 11 25 1 11 14 1 13 30 1 13 23 1 14 18 1 14 17 1 15 25 1 16 21 1 17 18 1 19 27 1 19 24 1 20 28 1 20 26 1 20 22 1 22 26 1 23 30 1 23 29 1 24 27 1 26 28 1 29 30 1 
# 100 0 30 37
0 0 2 3 1 1 4 2 3 2 3 0 2 0 1 0 3 1 3 0 2 4 0 2 2 0 3 0 3 2 
1 27 1 1 24 1 1 4 1 2 15 1 2 10 1 3 13 1 3 9 1 4 27 1 4 24 1 4 19 1 6 29 1 6 27 1 6 24 1 7 21 1 8 28 1 8 11 1 9 23 1 9 13 1 10 15 1 10 13 1 11 25 1 11 14 1 13 30 1 13 23 1 14 18 1 14 17 1 15 25 1 16 21 1 17 18 1 19 27 1 19 24 1 20 26 1 20 22 1 22 26 1 23 30 1 24 27 1 29 30 1 
# 101 0 30 32
0 0 2 3 1 1 4 2 3 2 3 0 2 0 1 0 3 1 3 0 2 4 0 2 2 0 3 0 3 2 
1 27 1 1 4 1 2 15 1 2 10 1 3 13 1 3 9 1 4 27 1 4 24 1 4 19 1 4 6 1 6 29 1 6 27 1 6 24 1 7 21 1 8 28 1 8 11 1 9 23 1 9 13 1 10 13 1 11 25 1 12 21 1 13 30 1 14 18 1 16 21 1 19 27 1 19 24 1 20 26 1 20 22 1 22 26 1 23 30 1 24 27 1 29 30 1 
# 102 0 30 37
0 0 2 3 1 1 4 2 3 2 3 0 2 0 1 0 3 1 3 0 2 4 0 2 2 0 3 0 3 2 
1 27 1 1 24 1 1 4 1 2 15 1 2 10 1 3 23 1 3 9 1 4 27 1 4 24 1 4 19 1 4 6 1 6 29 1 6 27 1 6 24 1 7 21 1 8 28 1 8 25 1 8 14 1 8 11 1 9 13 1 10 13 1 11 25 1 11 14 1 13 30 1 14 18 1 15 25 1 16 21 1 17 18 1 19 27 1 19 24 1 20 26 1 20 22 1 22 26 1 23 30 1 23 29 1 24 27 1 29 30 1 
# 103 0 30 39
0 0 2 3 1 1 4 2 3 2 3 0 2 0 1 0 3 1 3 0 2 4 0 2 2 0 3 0 3 2 
1 27 1 1 24 1 1 19 1 1 16 1 1 4 1 2 25 1 2 15 1 2 10 1 3 23 1 3 9 1 4 27 1 4 24 1 4 19 1 4 16 1 6 27 1 6 24 1 7 21 1 8 28 1 8 25 1 8 11 1 9 13 1 10 13 1 11 28 1 11 25 1 11 14 1 13 30 1 14 18 1 15 25 1 16 21 1 17 18 1 19 27 1 19 24 1 20 26 1 20 22 1 22 26 1 23 30 1 23 29 1 24 27 1 29 30 1 
# 104 0 30 37
0 0 2 3 1 1 4 2 3 2 3 0 2 0 1 0 3 1 3 0 2 4 0 2 2 0 3 0 3 2 
1 19 1 1 16 1 1 4 1 2 15 1 2 10 1 3 23 1 3 13 1 3 9 1 4 27 1 4 24 1 4 19 1 4 16 1 6 29 1 6 27 1 6 24 1 7 21 1 8 28 1 8 25 1 8 11 1 9 13 1 10 13 1 11 25 1 11 14 1 13 30 1 14 18 1 15 25 1 16 21 1 16 19 1 19 27 1 19 24 1 20 26 1 20 22 1 22 26 1 23 30 1 23 29 1 24 27 1 29 30 1 
# 105 0 30 39
0 0 2 3 1 1 4 2 3 2 3 0 2 0 1 0 3 1 3 0 2 4 0 2 2 0 3 0 3 2 
1 24 1 1 19 1 1 16 1 1 4 1 2 25 1 2 15 1 2 10 1 3 9 1 4 27 1 4 24 1 4 19 1 4 16 1 6 29 1 6 27 1 6 24 1 7 21 1 8 28 1 8 25 1 8 11 1 9 13 1 10 30 1 10 13 1 11 25 1 11 14 1 13 30 1 14 18 1 14 17 1 15 25 1 16 21 1 16 19 1 19 27 1 19 24 1 20 26 1 20 22 1 22 26 1 23 30 1 23 29 1 24 27 1 29 30 1 
# 106 0 30 38
0 0 2 3 1 1 4 2 3 2 3 0 2 0 1 0 3 1 3 0 2 4 0 2 2 0 3 0 3 2 
1 30 1 1 24 1 1 19 1 1 10 1 1 4 1 2 25 1 2 15 1 2 10 1 3 23 1 3 9 1 4 27 1 4 24 1 4 19 1 4 16 1 6 29 1 6 27 1 6 24 1 7 21 1 7 16 1 8 28 1 8 25 1 8 11 1 9 13 1 10 30 1 10 13 1 11 25 1 11 14 1 13 30 1 14 18 1 16 21 1 16 19 1 19 27 1 19 24 1 20 26 1 20 22 1 22 26 1 24 27 1 29 30 1 
# 107 0 30 42
0 0 2 3 1 1 4 2 3 2 3 0 2 0 1 0 3 1 3 0 2 4 0 2 2 0 3 0 3 2 
1 30 1 1 24 1 1 19 1 1 16 1 1 4 1 2 25 1 2 15 1 2 10 1 3 13 1 3 9 1 4 21 1 4 19 1 4 16 1 6 29 1 6 27 1 6 24 1 7 21 1 7 16 1 8 28 1 8 25 1 8 11 1 9 13 1 10 30 1 10 13 1 11 28 1 11 25 1 11 14 1 13 30 1 14 18 1 15 25 1 16 21 1 16 19 1 19 27 1 19 24 1 20 26 1 20 22 1 22 26 1 24 29 1 24 27 1 25 28 1 26 28 1 29 30 1 
# 108 0 30 39
0 0 2 3 1 1 4 2 3 2 3 0 2 0 1 0 3 1 3 0 2 4 0 2 2 0 3 0 3 2 
1 24 1 1 19 1 1 16 1 1 10 1 2 25 1 2 15 1 3 23 1 3 13 1 3 9 1 4 21 1 4 19 1 4 16 1 6 29 1 6 27 1 6 24 1 7 21 1 7 16 1 8 28 1 8 25 1 8 11 1 9 13 1 10 30 1 10 13 1 11 28 1 11 25 1 11 14 1 13 30 1 14 18 1 15 25 1 16 21 1 16 19 1 19 27 1 19 24 1 20 26 1 20 22 1 22 26 1 24 27 1 25 28 1 29 30 1 
# 109 0 30 44
0 0 2 3 1 1 4 2 3 2 3 0 2 0 1 0 3 1 3 0 2 4 0 2 2 0 3 0 3 2 
1 27 1 1 24 1 1 19 1 1 16 1 1 10 1 2 25 1 2 15 1 2 10 1 3 23 1 3 13 1 3 9 1 4 21 1 4 19 1 4 16 1 6 29 1 6 27 1 6 24 1 7 21 1 7 16 1 8 28 1 8 25 1 8 11 1 9 30 1 9 23 1 9 13 1 10 13 1 11 28 1 11 25 1 13 30 1 13 23 1 14 18 1 15 25 1 16 21 1 16 19 1 19 27 1 19 24 1 20 26 1 20 22 1 22 26 1 23 30 1 24 27 1 25 28 1 26 28 1 29 30 1 
# 110 0 30 47
0 0 2 3 1 1 4 2 3 2 3 0 2 0 1 0 3 1 3 0 2 4 0 2 2 0 3 0 3 2 
1 27 1 1 24 1 1 19 1 1 16 1 1 10 1 2 25 1 2 15 1 2 10 1 3 30 1 3 23 1 3 13 1 3 9 1 4 21 1 4 19 1 4 16 1 6 27 1 6 24 1 7 21 1 7 16 1 8 28 1 8 11 1 9 30 1 9 23 1 9 13 1 10 13 1 11 28 1 11 25 1 13 30 1 13 23 1 14 18 1 14 17 1 15 25 1 16 21 1 16 19 1 19 24 1 19 21 1 20 28 1 20 26 1 20 22 1 22 26 1 23 30 1 24 27 1 25 28 1 25 26 1 26 28 1 27 29 1 29 30 1 
# 111 0 30 45
0 0 2 3 1 1 4 2 3 2 3 0 2 0 1 0 3 1 3 0 2 4 0 2 2 0 3 0 3 2 
1 29 1 1 27 1 1 24 1 1 19 1 1 10 1 2 25 1 2 15 1 2 10 1 3 30 1 3 23 1 3 13 1 3 9 1 4 24 1 4 21 1 4 19 1 4 16 1 6 27 1 6 24 1 7 21 1 7 16 1 8 28 1 8 25 1 8 11 1 9 30 1 9 23 1 9 13 1 11 28 1 11 25 1 13 30 1 13 23 1 14 18 1 15 25 1 16 21 1 16 19 1 19 27 1 19 24 1 20 26 1 20 22 1 22 26 1 23 30 1 24 27 1 25 28 1 25 26 1 26 28 1 29 30 1 
# 112 0 30 46
0 0 2 3 1 1 4 2 3 2 3 0 2 0 1 0 3 1 3 0 2 4 0 2 2 0 3 0 3 2 
1 24 1 1 19 1 1 10 1 2 15 1 2 10 1 3 23 1 3 13 1 3 9 1 4 27 1 4 24 1 4 21 1 4 19 1 4 16 1 6 27 1 6 24 1 7 21 1 7 16 1 8 28 1 8 25 1 8 11 1 9 30 1 9 23 1 9 13 1 10 13 1 11 28 1 11 25 1 13 30 1 13 23 1 14 18 1 15 26 1 15 25 1 16 21 1 16 19 1 19 27 1 19 24 1 20 28 1 20 26 1 20 22 1 22 28 1 22 26 1 23 30 1 24 27 1 25 28 1 25 26 1 26 28 1 29 30 1 
# 113 0 30 46
0 0 2 3 1 1 4 2 3 2 3 0 2 0 1 0 3 1 3 0 2 4 0 2 2 0 3 0 3 2 
1 27 1 1 19 1 1 10 1 2 25 1 2 15 1 2 11 1 3 30 1 3 23 1 3 13 1 3 9 1 4 27 1 4 24 1 4 19 1 6 27 1 6 24 1 7 21 1 7 16 1 8 28 1 8 25 1 8 18 1 8 11 1 9 30 1 9 23 1 9 13 1 10 16 1 11 25 1 11 15 1 13 30 1 13 23 1 14 18 1 15 26 1 15 25 1 16 21 1 16 19 1 19 27 1 19 24 1 20 28 1 20 26 1 20 22 1 22 28 1 22 26 1 23 30 1 24 27 1 25 26 1 26 28 1 29 30 1 
# 114 0 30 46
0 0 2 3 1 1 4 2 3 2 3 0 2 0 1 0 3 1 3 0 2 4 0 2 2 0 3 0 3 2 
1 29 1 1 27 1 1 24 1 1 10 1 2 25 1 2 15 1 2 11 1 3 30 1 3 23 1 3 13 1 3 9 1 4 27 1 4 24 1 4 19 1 6 27 1 6 24 1 7 21 1 7 16 1 8 28 1 8 25 1 8 18 1 9 30 1 9 23 1 9 13 1 10 16 1 11 25 1 13 30 1 13 29 1 13 23 1 14 18 1 15 25 1 16 19 1 19 27 1 19 24 1 20 28 1 20 26 1 20 22 1 22 28 1 22 26 1 23 30 1 23 29 1 24 27 1 25 28 1 25 26 1 26 28 1 29 30 1 
# 115 0 30 42
0 0 2 3 1 1 4 2 3 2 3 0 2 0 1 0 3 1 3 0 2 4 0 2 2 0 3 0 3 2 
1 29 1 1 27 1 1 10 1 2 25 1 2 15 1 2 11 1 3 30 1 3 23 1 3 17 1 3 9 1 4 19 1 6 27 1 6 24 1 7 21 1 7 16 1 8 28 1 8 25 1 8 18 1 8 14 1 8 11 1 9 30 1 9 23 1 9 13 1 10 29 1 10 13 1 11 25 1 13 30 1 13 29 1 13 23 1 14 18 1 15 26 1 15 25 1 19 27 1 20 28 1 20 22 1 22 28 1 22 26 1 23 30 1 23 29 1 24 27 1 25 26 1 26 28 1 
# 116 0 30 44
0 0 2 3 1 1 4 2 3 2 3 0 2 0 1 0 3 1 3 0 2 4 0 2 2 0 3 0 3 2 
1 29 1 1 13 1 1 10 1 2 25 1 2 15 1 2 11 1 3 30 1 3 23 1 3 17 1 3 13 1 3 9 1 4 27 1 4 24 1 4 19 1 6 27 1 6 24 1 7 21 1 7 16 1 8 18 1 8 14 1 8 11 1 9 30 1 9 23 1 9 13 1 10 29 1 10 13 1 11 26 1 11 25 1 13 30 1 13 29 1 13 23 1 14 18 1 15 26 1 15 25 1 19 27 1 19 21 1 20 28 1 20 22 1 22 28 1 22 26 1 23 30 1 24 27 1 25 26 1 26 28 1 
# 117 0 30 42
0 0 2 3 1 1 4 2 3 2 3 0 2 0 1 0 3 1 3 0 2 4 0 2 2 0 3 0 3 2 
1 29 1 1 10 1 1 6 1 2 25 1 2 15 1 2 11 1 3 30 1 3 23 1 3 13 1 3 9 1 4 27 1 4 24 1 4 19 1 6 27 1 6 24 1 7 21 1 8 18 1 8 14 1 8 11 1 9 30 1 9 23 1 9 13 1 10 29 1 10 13 1 11 25 1 13 30 1 13 29 1 13 23 1 14 18 1 15 26 1 15 25 1 19 27 1 19 21 1 20 28 1 20 26 1 20 22 1 22 28 1 22 26 1 23 30 1 24 27 1 25 26 1 26 28 1 
# 118 0 30 41
0 0 2 3 1 1 4 2 3 2 3 0 2 0 1 0 3 1 3 0 2 4 0 2 2 0 3 0 3 2 
1 29 1 1 27 1 1 24 1 1 10 1 1 6 1 2 15 1 2 11 1 3 30 1 3 23 1 3 13 1 3 9 1 4 27 1 4 24 1 4 19 1 6 29 1 6 27 1 6 24 1 7 21 1 8 18 1 9 30 1 9 23 1 9 13 1 10 29 1 10 13 1 11 25 1 13 30 1 13 29 1 13 23 1 14 18 1 15 26 1 15 25 1 19 21 1 20 28 1 20 22 1 22 28 1 22 26 1 23 30 1 24 27 1 25 28 1 25 26 1 26 28 1 
# 119 0 30 47
0 0 2 3 1 1 4 2 3 2 3 0 2 0 1 0 3 1 3 0 2 4 0 2 2 0 3 0 3 2 
1 29 1 1 27 1 1 24 1 1 10 1 1 6 1 2 26 1 2 25 1 2 15 1 2 11 1 3 30 1 3 23 1 3 13 1 3 9 1 4 24 1 4 19 1 6 29 1 6 27 1 6 24 1 7 21 1 7 16 1 8 26 1 8 25 1 8 18 1 8 11 1 9 30 1 9 23 1 9 13 1 10 29 1 10 13 1 11 26 1 11 25 1 11 15 1 13 30 1 13 29 1 13 23 1 14 18 1 15 26 1 15 25 1 16 21 1 19 21 1 20 28 1 20 22 1 22 28 1 23 30 1 24 27 1 25 26 1 26 28 1 
# 120 0 30 40
0 0 2 3 1 1 4 2 3 2 3 0 2 0 1 0 3 1 3 0 2 4 0 2 2 0 3 0 3 2 
1 29 1 1 27 1 1 24 1 1 10 1 1 6 1 2 15 1 2 11 1 3 30 1 3 23 1 3 13 1 3 9 1 4 27 1 4 24 1 6 27 1 6 24 1 7 21 1 7 16 1 8 25 1 8 18 1 9 30 1 9 23 1 9 13 1 10 29 1 10 13 1 13 30 1 13 29 1 13 23 1 14 18 1 15 26 1 15 25 1 16 21 1 19 21 1 20 28 1 20 22 1 22 28 1 23 30 1 24 27 1 25 28 1 25 26 1 26 28 1 
# 121 0 30 42
0 0 2 3 1 1 4 2 3 2 3 0 2 0 1 0 3 1 3 0 2 4 0 2 2 0 3 0 3 2 
1 29 1 1 27 1 1 24 1 1 10 1 1 6 1 2 15 1 2 11 1 3 30 1 3 23 1 3 13 1 3 9 1 4 27 1 4 24 1 4 6 1 6 27 1 6 24 1 7 21 1 7 16 1 8 25 1 8 18 1 9 30 1 9 23 1 9 13 1 10 29 1 10 13 1 11 15 1 13 30 1 13 29 1 13 23 1 14 18 1 15 26 1 16 21 1 19 21 1 20 28 1 20 26 1 20 22 1 22 28 1 23 30 1 24 27 1 25 28 1 25 26 1 26 28 1 
# 122 0 30 38
0 0 2 3 1 1 4 2 3 2 3 0 2 0 1 0 3 1 3 0 2 4 0 2 2 0 3 0 3 2 
1 29 1 1 27 1 1 24 1 1 10 1 1 6 1 2 26 1 2 15 1 3 30 1 3 23 1 3 13 1 3 9 1 4 27 1 4 6 1 6 27 1 6 24 1 7 21 1 7 16 1 8 25 1 8 18 1 9 30 1 9 23 1 9 13 1 10 29 1 13 30 1 13 29 1 13 23 1 14 18 1 15 26 1 16 21 1 16 19 1 19 21 1 20 28 1 20 26 1 20 22 1 22 28 1 23 30 1 24 27 1 25 26 1 
# 123 0 30 42
0 0 2 3 1 1 4 2 3 2 3 0 2 0 1 0 3 1 3 0 2 4 0 2 2 0 3 0 3 2 
1 29 1 1 27 1 1 24 1 1 10 1 1 6 1 2 26 1 2 15 1 3 30 1 3 23 1 3 13 1 3 9 1 4 27 1 4 6 1 6 27 1 6 24 1 6 19 1 7 21 1 7 16 1 8 25 1 8 18 1 8 11 1 9 30 1 9 13 1 10 29 1 10 24 1 11 25 1 13 30 1 13 29 1 13 23 1 14 18 1 15 26 1 16 21 1 16 19 1 19 21 1 20 28 1 20 26 1 20 22 1 22 28 1 23 30 1 24 29 1 24 27 1 25 26 1 
# 124 0 30 39
0 0 2 3 1 1 4 2 3 2 3 0 2 0 1 0 3 1 3 0 2 4 0 2 2 0 3 0 3 2 
1 29 1 1 27 1 1 24 1 1 6 1 2 26 1 2 15 1 3 30 1 3 23 1 3 13 1 3 9 1 4 27 1 4 24 1 4 19 1 4 6 1 6 27 1 6 24 1 6 19 1 7 21 1 7 16 1 8 25 1 8 18 1 8 11 1 9 30 1 9 13 1 9 10 1 10 29 1 11 25 1 13 30 1 13 23 1 14 18 1 15 26 1 16 21 1 16 19 1 19 21 1 20 28 1 20 22 1 22 28 1 23 30 1 24 27 1 
# 125 0 30 45
0 0 2 3 1 1 4 2 3 2 3 0 2 0 1 0 3 1 3 0 2 4 0 2 2 0 3 0 3 2 
1 29 1 1 27 1 1 24 1 1 10 1 1 6 1 2 26 1 2 15 1 3 30 1 3 23 1 3 13 1 3 9 1 4 27 1 4 19 1 4 6 1 6 27 1 6 24 1 6 19 1 7 21 1 7 16 1 8 25 1 8 18 1 8 11 1 9 30 1 9 13 1 9 10 1 10 29 1 10 24 1 11 25 1 13 30 1 14 18 1 15 26 1 16 21 1 16 19 1 19 27 1 19 24 1 19 21 1 20 28 1 20 26 1 20 22 1 22 28 1 23 30 1 24 29 1 24 27 1 25 28 1 26 28 1 
# 126 0 30 43
0 0 2 3 1 1 4 2 3 2 3 0 2 0 1 0 3 1 3 0 2 4 0 2 2 0 3 0 3 2 
1 29 1 1 27 1 1 24 1 1 10 1 1 6 1 2 26 1 2 15 1 3 30 1 3 23 1 3 13 1 3 9 1 4 27 1 4 24 1 4 19 1 4 6 1 6 27 1 6 24 1 6 19 1 7 21 1 7 16 1 8 25 1 8 18 1 8 11 1 9 30 1 9 13 1 10 29 1 10 13 1 11 25 1 13 30 1 14 18 1 15 26 1 16 21 1 16 19 1 19 24 1 19 21 1 20 28 1 20 26 1 20 22 1 22 28 1 23 30 1 24 29 1 24 27 1 26 28 1 
# 127 0 30 43
0 0 2 3 1 1 4 2 3 2 3 0 2 0 1 0 3 1 3 0 2 4 0 2 2 0 3 0 3 2 
1 29 1 1 27 1 1 24 1 1 10 1 1 6 1 2 15 1 3 30 1 3 23 1 3 13 1 3 9 1 4 27 1 4 24 1 4 19 1 4 6 1 6 27 1 6 24 1 6 19 1 7 16 1 8 25 1 8 18 1 8 11 1 9 30 1 9 13 1 10 29 1 10 24 1 10 13 1 11 25 1 13 30 1 13 29 1 14 18 1 15 26 1 16 21 1 16 19 1 18 25 1 19 24 1 19 21 1 20 28 1 20 26 1 20 22 1 22 28 1 23 30 1 24 27 1 26 28 1 
# 128 0 30 37
0 0 2 3 1 1 4 2 3 2 3 0 2 0 1 0 3 1 3 0 2 4 0 2 2 0 3 0 3 2 
1 29 1 1 24 1 1 10 1 1 6 1 2 15 1 3 30 1 3 23 1 3 13 1 3 9 1 4 27 1 4 6 1 6 27 1 6 24 1 8 25 1 8 18 1 8 11 1 9 30 1 9 13 1 10 29 1 10 24 1 10 13 1 11 25 1 11 18 1 13 30 1 13 29 1 14 18 1 15 26 1 16 21 1 16 19 1 18 25 1 19 21 1 20 28 1 20 26 1 20 22 1 23 30 1 24 27 1 26 28 1 
# 129 0 30 43
0 0 2 3 1 1 4 2 3 2 3 0 2 0 1 0 3 1 3 0 2 4 0 2 2 0 3 0 3 2 
1 29 1 1 27 1 1 24 1 1 10 1 1 6 1 2 26 1 2 15 1 3 30 1 3 23 1 3 13 1 3 9 1 4 27 1 4 24 1 4 21 1 4 6 1 6 27 1 6 24 1 7 16 1 8 25 1 8 18 1 8 11 1 9 30 1 9 13 1 10 29 1 10 24 1 10 13 1 11 25 1 11 18 1 13 30 1 13 29 1 13 23 1 14 18 1 15 26 1 16 21 1 16 19 1 18 25 1 19 21 1 20 28 1 20 26 1 20 22 1 23 30 1 24 27 1 26 28 1 
# 130 0 30 37
0 0 2 3 1 1 4 2 3 2 3 0 2 0 1 0 3 1 3 0 2 4 0 2 2 0 3 0 3 2 
1 29 1 1 27 1 1 24 1 1 10 1 1 6 1 2 26 1 2 15 1 3 30 1 3 23 1 3 13 1 3 9 1 4 27 1 4 24 1 4 6 1 6 27 1 6 24 1 7 16 1 8 25 1 8 11 1 9 30 1 9 13 1 10 29 1 10 13 1 11 25 1 13 30 1 13 23 1 14 18 1 15 26 1 16 21 1 16 19 1 19 21 1 20 28 1 20 22 1 22 28 1 23 30 1 24 27 1 26 28 1 
# 131 0 30 42
0 0 2 3 1 1 4 2 3 2 3 0 2 0 1 0 3 1 3 0 2 4 0 2 2 0 3 0 3 2 
1 29 1 1 24 1 1 10 1 1 6 1 2 26 1 2 15 1 3 30 1 3 23 1 3 13 1 3 9 1 4 27 1 4 24 1 4 6 1 6 27 1 6 24 1 6 19 1 7 16 1 8 25 1 8 18 1 8 11 1 9 30 1 9 13 1 9 10 1 10 29 1 10 13 1 11 26 1 11 25 1 13 30 1 13 23 1 14 18 1 15 26 1 16 21 1 16 19 1 19 24 1 19 21 1 20 28 1 20 22 1 22 28 1 23 30 1 24 27 1 25 26 1 26 28 1 
# 132 0 30 37
0 0 2 3 1 1 4 2 3 2 3 0 2 0 1 0 3 1 3 0 2 4 0 2 2 0 3 0 3 2 
1 29 1 1 10 1 2 26 1 2 15 1 3 30 1 3 23 1 3 9 1 4 27 1 4 24 1 4 19 1 4 6 1 6 27 1 6 24 1 7 21 1 7 16 1 8 25 1 8 18 1 8 17 1 8 11 1 9 30 1 9 13 1 10 29 1 10 13 1 11 26 1 11 25 1 13 30 1 13 29 1 14 18 1 16 21 1 19 24 1 19 21 1 20 28 1 20 22 1 21 24 1 22 28 1 25 26 1 26 28 1 
# 133 0 30 46
0 0 2 3 1 1 4 2 3 2 3 0 2 0 1 0 3 1 3 0 2 4 0 2 2 0 3 0 3 2 
1 29 1 1 27 1 1 24 1 1 10 1 2 26 1 2 15 1 3 30 1 3 23 1 3 9 1 4 27 1 4 24 1 4 19 1 4 6 1 6 27 1 6 24 1 6 21 1 6 19 1 7 21 1 7 19 1 7 16 1 8 25 1 8 18 1 8 14 1 8 11 1 9 30 1 9 13 1 10 29 1 10 24 1 10 13 1 11 26 1 11 25 1 13 30 1 13 29 1 14 18 1 16 21 1 19 24 1 19 21 1 20 28 1 20 22 1 21 24 1 22 28 1 23 30 1 24 27 1 25 28 1 25 26 1 26 28 1 
# 134 0 30 45
0 0 2 3 1 1 4 2 3 2 3 0 2 0 1 0 3 1 3 0 2 4 0 2 2 0 3 0 3 2 
1 29 1 1 27 1 1 24 1 1 10 1 1 6 1 2 26 1 2 15 1 3 30 1 3 23 1 3 13 1 3 9 1 4 27 1 4 24 1 4 19 1 4 6 1 6 27 1 6 24 1 6 19 1 6 10 1 7 21 1 7 19 1 7 16 1 8 25 1 8 18 1 8 14 1 8 11 1 9 30 1 9 13 1 10 29 1 10 24 1 10 13 1 11 26 1 11 25 1 13 30 1 13 29 1 14 18 1 16 21 1 19 21 1 20 28 1 20 22 1 23 30 1 24 27 1 25 28 1 25 26 1 26 28 1 
# 135 0 30 46
0 0 2 3 1 1 4 2 3 2 3 0 2 0 1 0 3 1 3 0 2 4 0 2 2 0 3 0 3 2 
1 29 1 1 27 1 1 24 1 1 10 1 1 6 1 2 26 1 2 25 1 2 15 1 3 30 1 3 13 1 3 9 1 4 27 1 4 24 1 4 6 1 6 27 1 6 24 1 6 10 1 7 21 1 7 19 1 8 25 1 8 18 1 8 17 1 8 14 1 8 11 1 9 30 1 9 15 1 9 13 1 10 29 1 10 24 1 11 26 1 11 25 1 11 18 1 11 17 1 11 14 1 13 30 1 13 29 1 14 18 1 14 17 1 17 18 1 19 21 1 20 28 1 20 22 1 23 30 1 24 27 1 25 26 1 26 28 1 
# 136 0 30 43
0 0 2 3 1 1 4 2 3 2 3 0 2 0 1 0 3 1 3 0 2 4 0 2 2 0 3 0 3 2 
1 29 1 1 27 1 1 24 1 1 10 1 1 6 1 2 26 1 2 15 1 2 9 1 3 30 1 3 13 1 3 9 1 4 27 1 4 24 1 4 6 1 6 27 1 6 24 1 6 10 1 7 21 1 7 19 1 8 25 1 8 18 1 8 17 1 8 14 1 8 11 1 9 30 1 9 13 1 10 29 1 10 24 1 11 26 1 11 25 1 13 30 1 13 23 1 14 18 1 14 17 1 15 16 1 19 21 1 20 28 1 20 22 1 22 28 1 23 30 1 24 27 1 25 26 1 26 28 1 
# 137 0 30 44
0 0 2 3 1 1 4 2 3 2 3 0 2 0 1 0 3 1 3 0 2 4 0 2 2 0 3 0 3 2 
1 29 1 1 27 1 1 24 1 1 10 1 1 6 1 2 26 1 2 15 1 2 9 1 3 30 1 3 13 1 3 9 1 4 27 1 4 24 1 4 6 1 6 29 1 6 27 1 6 24 1 7 21 1 7 19 1 8 25 1 8 18 1 8 17 1 8 14 1 8 11 1 9 17 1 9 15 1 10 29 1 10 24 1 11 26 1 11 25 1 13 30 1 13 23 1 14 18 1 15 16 1 16 21 1 19 21 1 20 28 1 20 22 1 22 28 1 23 30 1 24 29 1 24 27 1 25 26 1 26 28 1 
# 138 0 30 43
0 0 2 3 1 1 4 2 3 2 3 0 2 0 1 0 3 1 3 0 2 4 0 2 2 0 3 0 3 2 
1 29 1 1 27 1 1 24 1 1 6 1 2 15 1 2 9 1 3 30 1 3 13 1 3 9 1 4 27 1 4 24 1 4 6 1 6 29 1 6 27 1 6 24 1 7 21 1 7 19 1 8 25 1 8 18 1 8 14 1 8 11 1 9 30 1 9 15 1 9 13 1 10 29 1 10 24 1 10 15 1 11 28 1 11 26 1 11 25 1 13 30 1 13 23 1 14 18 1 16 21 1 19 21 1 20 28 1 20 22 1 22 28 1 23 30 1 24 29 1 24 27 1 25 26 1 26 28 1 
# 139 0 30 38
0 0 2 3 1 1 4 2 3 2 3 0 2 0 1 0 3 1 3 0 2 4 0 2 2 0 3 0 3 2 
1 29 1 1 27 1 1 24 1 2 15 1 2 9 1 3 30 1 3 13 1 3 9 1 4 27 1 4 24 1 4 6 1 6 27 1 6 24 1 7 21 1 7 19 1 8 26 1 8 25 1 8 18 1 8 14 1 8 11 1 9 30 1 9 15 1 10 29 1 10 15 1 11 26 1 11 25 1 13 30 1 13 23 1 14 18 1 14 17 1 16 21 1 19 21 1 20 28 1 20 22 1 22 28 1 24 29 1 24 27 1 25 26 1 
# 140 0 30 46
0 0 2 3 1 1 4 2 3 2 3 0 2 0 1 0 3 1 3 0 2 4 0 2 2 0 3 0 3 2 
1 29 1 1 27 1 1 24 1 1 6 1 2 26 1 2 15 1 2 9 1 3 30 1 3 13 1 3 9 1 4 27 1 4 24 1 4 6 1 6 27 1 6 24 1 7 21 1 7 19 1 8 26 1 8 25 1 8 18 1 8 17 1 8 14 1 8 11 1 9 30 1 9 15 1 10 29 1 10 15 1 11 28 1 11 26 1 11 25 1 13 30 1 13 23 1 14 18 1 14 17 1 16 21 1 18 25 1 19 21 1 20 28 1 20 22 1 22 28 1 23 30 1 24 29 1 24 27 1 25 28 1 25 26 1 26 28 1 
# 141 0 30 44
0 0 2 3 1 1 4 2 3 2 3 0 2 0 1 0 3 1 3 0 2 4 0 2 2 0 3 0 3 2 
1 29 1 1 27 1 1 24 1 1 6 1 2 15 1 2 9 1 3 30 1 3 13 1 3 9 1 4 27 1 4 24 1 4 6 1 6 29 1 6 27 1 6 24 1 7 21 1 7 19 1 7 16 1 8 26 1 8 25 1 8 18 1 8 17 1 8 14 1 8 11 1 9 30 1 9 15 1 10 29 1 10 15 1 11 26 1 11 25 1 13 30 1 13 23 1 14 18 1 14 17 1 16 21 1 19 21 1 20 28 1 20 22 1 22 28 1 23 30 1 24 29 1 24 27 1 25 28 1 25 26 1 
# 142 0 30 43
0 0 2 3 1 1 4 2 3 2 3 0 2 0 1 0 3 1 3 0 2 4 0 2 2 0 3 0 3 2 
1 29 1 1 24 1 1 6 1 2 15 1 2 9 1 3 30 1 3 13 1 3 9 1 4 27 1 4 24 1 4 6 1 6 29 1 6 27 1 6 24 1 7 21 1 7 19 1 8 26 1 8 25 1 8 18 1 8 17 1 8 14 1 8 11 1 9 30 1 9 15 1 10 29 1 11 28 1 11 26 1 11 25 1 13 30 1 13 23 1 14 18 1 14 17 1 16 21 1 17 18 1 19 21 1 20 28 1 20 22 1 23 30 1 24 29 1 24 27 1 25 28 1 25 26 1 26 28 1 
# 143 0 30 43
0 0 2 3 1 1 4 2 3 2 3 0 2 0 1 0 3 1 3 0 2 4 0 2 2 0 3 0 3 2 
1 29 1 1 27 1 1 24 1 1 10 1 1 6 1 2 15 1 2 9 1 3 30 1 3 13 1 3 9 1 4 27 1 4 24 1 4 6 1 6 29 1 6 27 1 6 24 1 7 21 1 7 19 1 8 26 1 8 25 1 8 18 1 8 14 1 8 11 1 9 30 1 9 15 1 10 29 1 10 13 1 11 28 1 11 26 1 11 25 1 13 30 1 13 23 1 14 18 1 14 17 1 16 21 1 17 18 1 18 25 1 19 21 1 20 22 1 24 27 1 25 28 1 25 26 1 26 28 1 
# 144 0 30 46
0 0 2 3 1 1 4 2 3 2 3 0 2 0 1 0 3 1 3 0 2 4 0 2 2 0 3 0 3 2 
1 29 1 1 27 1 1 24 1 1 10 1 1 6 1 2 15 1 2 9 1 3 30 1 3 13 1 3 9 1 4 27 1 4 24 1 4 6 1 6 29 1 6 27 1 6 24 1 6 10 1 7 21 1 7 19 1 8 26 1 8 25 1 8 18 1 8 14 1 8 11 1 9 30 1 9 15 1 10 29 1 10 13 1 11 28 1 11 26 1 11 25 1 13 30 1 13 23 1 14 18 1 14 17 1 16 21 1 17 18 1 18 26 1 18 25 1 19 21 1 20 22 1 22 28 1 24 27 1 25 28 1 25 26 1 26 28 1 
# 145 0 30 50
0 0 2 3 1 1 4 2 3 2 3 0 2 0 1 0 3 1 3 0 2 4 0 2 2 0 3 0 3 2 
1 29 1 1 27 1 1 24 1 1 10 1 1 6 1 2 15 1 2 9 1 3 30 1 3 23 1 4 27 1 4 24 1 4 6 1 6 29 1 6 27 1 6 24 1 6 10 1 7 21 1 7 19 1 7 16 1 8 26 1 8 25 1 8 18 1 8 17 1 8 14 1 8 11 1 9 17 1 9 15 1 10 29 1 11 28 1 11 26 1 11 25 1 13 30 1 13 23 1 14 18 1 14 17 1 16 21 1 17 18 1 18 26 1 18 25 1 19 21 1 20 28 1 20 22 1 22 28 1 23 30 1 24 29 1 24 27 1 25 28 1 25 26 1 26 28 1 27 29 1 
# 146 0 30 42
0 0 2 3 1 1 4 2 3 2 3 0 2 0 1 0 3 1 3 0 2 4 0 2 2 0 3 0 3 2 
1 29 1 1 27 1 1 10 1 1 6 1 2 15 1 2 9 1 3 30 1 4 27 1 4 24 1 6 29 1 6 27 1 6 24 1 6 10 1 7 21 1 7 19 1 7 16 1 8 26 1 8 25 1 8 18 1 8 11 1 9 15 1 10 29 1 11 28 1 11 26 1 11 25 1 13 30 1 13 23 1 14 18 1 14 17 1 16 21 1 16 19 1 17 18 1 18 26 1 18 25 1 19 21 1 20 22 1 22 28 1 23 30 1 24 27 1 25 28 1 25 26 1 26 28 1 
# 147 0 30 42
0 0 2 3 1 1 4 2 3 2 3 0 2 0 1 0 3 1 3 0 2 4 0 2 2 0 3 0 3 2 
1 29 1 1 27 1 1 24 1 1 10 1 1 6 1 2 15 1 2 9 1 3 30 1 3 9 1 4 27 1 4 24 1 6 29 1 6 24 1 6 10 1 7 21 1 7 19 1 7 16 1 8 28 1 8 26 1 8 25 1 8 18 1 8 14 1 8 11 1 9 15 1 10 29 1 11 28 1 11 26 1 11 25 1 13 23 1 14 18 1 14 17 1 16 21 1 17 18 1 18 26 1 18 25 1 19 21 1 20 22 1 23 30 1 24 27 1 25 28 1 25 26 1 26 28 1 
# 148 0 30 45
0 0 2 3 1 1 4 2 3 2 3 0 2 0 1 0 3 1 3 0 2 4 0 2 2 0 3 0 3 2 
1 29 1 1 27 1 1 10 1 1 6 1 2 15 1 2 9 1 3 30 1 3 13 1 4 27 1 4 24 1 6 29 1 6 27 1 6 24 1 6 10 1 7 21 1 7 19 1 7 16 1 8 26 1 8 25 1 8 18 1 8 15 1 8 14 1 8 11 1 8 9 1 9 15 1 10 29 1 11 28 1 11 26 1 11 25 1 13 30 1 13 23 1 14 18 1 14 17 1 16 21 1 17 18 1 18 25 1 19 21 1 20 22 1 22 28 1 23 30 1 24 27 1 25 28 1 25 26 1 26 28 1 27 29 1 
# 149 0 30 43
0 0 2 3 1 1 4 2 3 2 3 0 2 0 1 0 3 1 3 0 2 4 0 2 2 0 3 0 3 2 
1 29 1 1 27 1 1 10 1 1 6 1 2 15 1 2 9 1 3 30 1 3 23 1 3 15 1 3 13 1 4 27 1 4 24 1 6 29 1 6 27 1 6 24 1 6 10 1 7 21 1 7 19 1 7 16 1 8 26 1 8 25 1 8 14 1 8 11 1 9 15 1 10 29 1 11 28 1 11 26 1 11 25 1 13 30 1 13 23 1 14 26 1 14 18 1 14 17 1 16 21 1 17 18 1 19 21 1 20 22 1 22 28 1 23 30 1 24 27 1 25 28 1 25 26 1 26 28 1 
# 150 0 30 45
0 0 2 3 1 1 4 2 3 2 3 0 2 0 1 0 3 1 3 0 2 4 0 2 2 0 3 0 3 2 
1 29 1 1 27 1 1 10 1 1 6 1 2 9 1 3 30 1 3 15 1 4 27 1 4 24 1 6 29 1 6 27 1 6 24 1 6 10 1 7 21 1 7 19 1 7 16 1 8 28 1 8 26 1 8 25 1 8 14 1 8 11 1 8 9 1 9 15 1 10 29 1 10 13 1 11 28 1 11 26 1 11 25 1 13 30 1 13 29 1 13 23 1 14 25 1 14 18 1 14 17 1 16 21 1 17 18 1 18 25 1 19 21 1 20 22 1 22 28 1 23 30 1 24 27 1 25 28 1 25 26 1 26 28 1 
# 151 0 30 44
0 0 2 3 1 1 4 2 3 2 3 0 2 0 1 0 3 1 3 0 2 4 0 2 2 0 3 0 3 2 
1 29 1 1 10 1 1 6 1 2 9 1 3 30 1 3 15 1 4 27 1 4 24 1 4 6 1 6 27 1 6 24 1 6 10 1 7 21 1 7 19 1 7 16 1 8 28 1 8 26 1 8 25 1 8 11 1 9 15 1 10 29 1 10 13 1 11 28 1 11 26 1 11 25 1 11 22 1 13 30 1 13 29 1 13 23 1 14 18 1 14 17 1 15 17 1 16 21 1 17 18 1 18 26 1 19 24 1 19 21 1 20 22 1 22 28 1 23 30 1 24 27 1 25 28 1 25 26 1 26 28 1 
# 152 0 30 44
0 0 2 3 1 1 4 2 3 2 3 0 2 0 1 0 3 1 3 0 2 4 0 2 2 0 3 0 3 2 
1 29 1 1 10 1 1 6 1 2 9 1 3 30 1 3 13 1 4 27 1 4 24 1 4 6 1 6 27 1 6 24 1 6 21 1 6 10 1 7 21 1 7 19 1 7 16 1 8 26 1 8 25 1 8 17 1 8 15 1 8 11 1 8 9 1 9 15 1 10 29 1 10 13 1 11 28 1 11 26 1 11 25 1 13 30 1 13 29 1 13 23 1 14 18 1 14 17 1 15 17 1 17 18 1 18 26 1 19 24 1 19 21 1 20 22 1 22 28 1 23 30 1 24 27 1 25 28 1 25 26 1 
# 153 0 30 45
0 0 2 3 1 1 4 2 3 2 3 0 2 0 1 0 3 1 3 0 2 4 0 2 2 0 3 0 3 2 
1 29 1 1 10 1 1 6 1 2 9 1 3 30 1 3 15 1 4 27 1 4 24 1 4 19 1 4 6 1 6 27 1 6 24 1 6 21 1 6 10 1 7 21 1 7 19 1 7 16 1 8 28 1 8 26 1 8 25 1 8 17 1 8 15 1 8 11 1 9 15 1 10 29 1 10 13 1 11 28 1 11 26 1 11 25 1 13 30 1 13 29 1 13 23 1 14 18 1 14 17 1 15 17 1 17 18 1 18 26 1 19 24 1 19 21 1 20 22 1 21 24 1 22 28 1 24 27 1 25 28 1 25 26 1 
# 154 0 30 44
0 0 2 3 1 1 4 2 3 2 3 0 2 0 1 0 3 1 3 0 2 4 0 2 2 0 3 0 3 2 
1 29 1 1 10 1 1 6 1 2 9 1 3 30 1 3 15 1 4 27 1 4 24 1 4 6 1 6 27 1 6 24 1 6 21 1 6 10 1 7 21 1 7 19 1 7 16 1 8 28 1 8 26 1 8 25 1 8 17 1 8 11 1 9 15 1 10 29 1 10 13 1 11 28 1 11 26 1 11 25 1 11 22 1 13 30 1 13 29 1 13 23 1 14 18 1 14 17 1 15 17 1 17 18 1 18 26 1 19 21 1 20 22 1 22 28 1 23 30 1 24 27 1 25 28 1 25 26 1 26 28 1 
# 155 0 30 46
0 0 2 3 1 1 4 2 3 2 3 0 2 0 1 0 3 1 3 0 2 4 0 2 2 0 3 0 3 2 
1 29 1 1 10 1 1 6 1 2 9 1 3 30 1 3 15 1 4 27 1 4 24 1 4 19 1 4 6 1 6 27 1 6 24 1 6 21 1 7 21 1 7 19 1 7 16 1 8 28 1 8 26 1 8 25 1 8 17 1 8 15 1 8 11 1 9 15 1 10 29 1 10 13 1 11 28 1 11 26 1 11 25 1 12 19 1 13 30 1 13 29 1 13 23 1 14 18 1 14 17 1 15 17 1 16 21 1 17 26 1 17 18 1 18 26 1 19 24 1 19 21 1 20 22 1 22 28 1 24 27 1 25 28 1 25 26 1 
# 156 0 30 49
0 0 2 3 1 1 4 2 3 2 3 0 2 0 1 0 3 1 3 0 2 4 0 2 2 0 3 0 3 2 
1 29 1 1 10 1 1 6 1 2 9 1 3 30 1 4 27 1 4 24 1 4 19 1 4 7 1 4 6 1 6 24 1 6 21 1 6 7 1 7 21 1 7 19 1 8 28 1 8 26 1 8 25 1 8 17 1 8 15 1 8 14 1 8 11 1 9 15 1 10 29 1 10 13 1 11 28 1 11 26 1 11 25 1 11 22 1 13 30 1 13 29 1 13 23 1 14 26 1 14 18 1 14 17 1 14 15 1 15 17 1 16 21 1 17 18 1 18 26 1 19 24 1 19 21 1 20 22 1 22 28 1 22 25 1 23 30 1 24 27 1 25 28 1 25 26 1 
# 157 0 30 49
0 0 2 3 1 1 4 2 3 2 3 0 2 0 1 0 3 1 3 0 2 4 0 2 2 0 3 0 3 2 
1 29 1 1 10 1 1 6 1 2 9 1 3 30 1 3 23 1 4 27 1 4 24 1 4 19 1 4 7 1 4 6 1 6 27 1 6 24 1 6 21 1 6 10 1 6 7 1 7 24 1 7 21 1 7 19 1 8 28 1 8 26 1 8 17 1 8 15 1 8 14 1 8 11 1 9 15 1 10 29 1 10 13 1 11 28 1 11 25 1 11 22 1 13 30 1 13 29 1 13 23 1 14 26 1 14 18 1 14 17 1 17 26 1 17 18 1 18 26 1 19 24 1 20 22 1 21 24 1 22 28 1 22 25 1 23 30 1 24 27 1 25 28 1 25 26 1 
# 158 0 30 42
0 0 2 3 1 1 4 2 3 2 3 0 2 0 1 0 3 1 3 0 2 4 0 2 2 0 3 0 3 2 
1 29 1 1 10 1 1 6 1 2 9 1 3 30 1 4 27 1 4 24 1 4 19 1 4 7 1 4 6 1 6 27 1 6 24 1 6 21 1 6 7 1 7 24 1 7 21 1 7 19 1 8 28 1 8 17 1 8 15 1 8 14 1 8 11 1 9 15 1 10 29 1 10 13 1 11 28 1 11 25 1 11 22 1 13 29 1 13 23 1 14 18 1 14 17 1 17 26 1 17 18 1 18 26 1 19 24 1 20 22 1 22 28 1 22 25 1 23 30 1 24 27 1 25 28 1 
# 159 0 30 43
0 0 2 3 1 1 4 2 3 2 3 0 2 0 1 0 3 1 3 0 2 4 0 2 2 0 3 0 3 2 
1 29 1 1 10 1 1 6 1 2 9 1 3 30 1 4 27 1 4 24 1 4 19 1 4 7 1 6 27 1 6 24 1 6 21 1 6 7 1 7 24 1 7 21 1 7 19 1 8 28 1 8 26 1 8 25 1 8 11 1 9 15 1 10 29 1 10 23 1 10 13 1 11 28 1 11 25 1 11 22 1 12 19 1 13 29 1 13 23 1 14 26 1 14 18 1 14 17 1 17 26 1 17 18 1 18 26 1 19 24 1 20 22 1 22 28 1 22 25 1 23 30 1 24 27 1 25 28 1 
# 160 0 30 42
0 0 2 3 1 1 4 2 3 2 3 0 2 0 1 0 3 1 3 0 2 4 0 2 2 0 3 0 3 2 
1 29 1 1 10 1 2 9 1 3 30 1 4 27 1 4 24 1 4 19 1 4 7 1 4 6 1 6 27 1 6 24 1 6 21 1 6 7 1 7 24 1 7 21 1 7 19 1 8 28 1 8 26 1 8 25 1 8 15 1 8 9 1 9 15 1 10 29 1 10 23 1 10 13 1 11 28 1 11 25 1 11 22 1 12 19 1 13 29 1 13 23 1 14 26 1 14 18 1 14 17 1 15 17 1 17 26 1 17 18 1 18 26 1 19 24 1 20 22 1 24 27 1 25 28 1 
# 161 0 30 46
0 0 2 3 1 1 4 2 3 2 3 0 2 0 1 0 3 1 3 0 2 4 0 2 2 0 3 0 3 2 
1 29 1 1 13 1 1 10 1 2 9 1 3 30 1 3 15 1 4 27 1 4 24 1 4 19 1 4 7 1 4 6 1 6 27 1 6 24 1 6 21 1 6 7 1 7 24 1 7 21 1 7 19 1 8 28 1 8 26 1 8 15 1 8 14 1 8 11 1 9 15 1 10 29 1 10 23 1 10 13 1 11 28 1 11 25 1 12 19 1 13 29 1 13 23 1 14 26 1 14 18 1 14 17 1 15 30 1 15 17 1 17 26 1 17 18 1 18 26 1 19 24 1 20 22 1 21 24 1 23 29 1 24 27 1 25 28 1 
# 162 0 30 46
0 0 2 3 1 1 4 2 3 2 3 0 2 0 1 0 3 1 3 0 2 4 0 2 2 0 3 0 3 2 
1 29 1 1 10 1 2 9 1 3 30 1 4 24 1 4 21 1 4 19 1 4 7 1 4 6 1 6 27 1 6 24 1 6 21 1 6 7 1 7 24 1 7 21 1 7 19 1 8 28 1 8 26 1 8 15 1 8 11 1 8 9 1 9 15 1 10 29 1 10 23 1 10 13 1 11 28 1 11 25 1 12 19 1 13 29 1 13 23 1 14 26 1 14 18 1 14 17 1 15 17 1 16 22 1 17 26 1 17 18 1 18 26 1 19 24 1 19 21 1 20 22 1 21 24 1 23 29 1 24 27 1 25 28 1 26 28 1 
# 163 0 30 39
0 0 2 3 1 1 4 2 3 2 3 0 2 0 1 0 3 1 3 0 2 4 0 2 2 0 3 0 3 2 
1 29 1 1 23 1 1 10 1 2 9 1 3 30 1 4 27 1 4 24 1 4 19 1 4 7 1 4 6 1 6 27 1 6 24 1 7 24 1 7 21 1 7 19 1 8 28 1 8 26 1 8 15 1 8 11 1 10 29 1 10 13 1 11 28 1 11 25 1 12 19 1 13 29 1 13 23 1 14 26 1 14 18 1 14 17 1 16 22 1 16 21 1 17 26 1 17 18 1 18 26 1 19 24 1 20 22 1 23 29 1 24 27 1 25 28 1 
# 164 0 30 43
0 0 2 3 1 1 4 2 3 2 3 0 2 0 1 0 3 1 3 0 2 4 0 2 2 0 3 0 3 2 
1 29 1 1 23 1 1 13 1 1 10 1 2 9 1 3 30 1 4 27 1 4 24 1 4 21 1 4 19 1 4 7 1 4 6 1 5 22 1 6 27 1 6 24 1 7 21 1 7 19 1 8 28 1 8 26 1 8 15 1 8 14 1 8 11 1 9 15 1 10 29 1 11 28 1 11 25 1 12 19 1 13 29 1 13 23 1 14 26 1 14 18 1 14 17 1 16 22 1 17 26 1 17 18 1 18 26 1 19 24 1 19 21 1 20 25 1 20 22 1 23 29 1 24 27 1 25 28 1 
# 165 0 30 42
0 0 2 3 1 1 4 2 3 2 3 0 2 0 1 0 3 1 3 0 2 4 0 2 2 0 3 0 3 2 
1 29 1 1 23 1 1 13 1 1 10 1 2 9 1 2 6 1 3 30 1 4 24 1 4 21 1 4 19 1 4 7 1 4 6 1 5 22 1 6 27 1 6 24 1 6 21 1 7 21 1 8 28 1 8 26 1 8 15 1 8 11 1 9 15 1 10 29 1 10 13 1 11 28 1 11 25 1 12 19 1 13 29 1 13 23 1 14 26 1 14 18 1 14 17 1 15 17 1 16 22 1 17 26 1 17 18 1 18 26 1 19 24 1 21 24 1 23 29 1 24 27 1 25 28 1 
# 166 0 30 45
0 0 2 3 1 1 4 2 3 2 3 0 2 0 1 0 3 1 3 0 2 4 0 2 2 0 3 0 3 2 
1 29 1 1 23 1 1 13 1 1 10 1 2 9 1 2 6 1 3 30 1 4 24 1 4 21 1 4 19 1 4 7 1 4 6 1 5 22 1 6 27 1 6 24 1 6 21 1 6 7 1 7 24 1 7 21 1 8 28 1 8 15 1 8 11 1 10 29 1 10 13 1 11 28 1 11 25 1 11 22 1 12 19 1 13 29 1 13 23 1 14 26 1 14 18 1 14 17 1 14 15 1 15 18 1 16 28 1 17 26 1 17 18 1 18 26 1 19 24 1 20 25 1 22 25 1 23 29 1 24 27 1 25 28 1 
# 167 0 30 44
0 0 2 3 1 1 4 2 3 2 3 0 2 0 1 0 3 1 3 0 2 4 0 2 2 0 3 0 3 2 
1 29 1 1 23 1 1 13 1 1 10 1 2 9 1 2 6 1 3 30 1 4 24 1 4 21 1 4 19 1 4 7 1 4 6 1 6 27 1 6 24 1 6 21 1 6 7 1 7 24 1 7 21 1 8 28 1 8 26 1 8 15 1 10 29 1 10 13 1 11 28 1 11 25 1 11 22 1 12 19 1 13 29 1 14 26 1 14 18 1 14 17 1 15 18 1 16 28 1 16 22 1 17 26 1 17 18 1 18 26 1 19 24 1 20 25 1 21 24 1 22 25 1 23 29 1 24 27 1 25 28 1 
# 168 0 30 48
0 0 2 3 1 1 4 2 3 2 3 0 2 0 1 0 3 1 3 0 2 4 0 2 2 0 3 0 3 2 
1 29 1 1 13 1 1 10 1 2 13 1 2 10 1 2 9 1 2 6 1 3 30 1 4 27 1 4 24 1 4 21 1 4 19 1 4 7 1 4 6 1 5 22 1 6 27 1 6 24 1 6 21 1 6 7 1 7 24 1 7 21 1 8 28 1 8 18 1 10 29 1 10 13 1 11 28 1 11 25 1 11 22 1 11 20 1 12 19 1 13 29 1 14 26 1 14 18 1 14 17 1 14 15 1 15 30 1 15 18 1 16 28 1 17 26 1 17 18 1 18 26 1 19 24 1 20 25 1 20 22 1 21 24 1 22 25 1 23 29 1 24 27 1 
# 169 0 30 44
0 0 2 3 1 1 4 2 3 2 3 0 2 0 1 0 3 1 3 0 2 4 0 2 2 0 3 0 3 2 
1 29 1 1 13 1 1 10 1 2 10 1 2 9 1 2 6 1 3 30 1 3 15 1 4 24 1 4 21 1 4 19 1 4 7 1 4 6 1 5 22 1 5 16 1 6 24 1 6 21 1 6 7 1 7 24 1 7 21 1 7 19 1 8 28 1 8 26 1 8 18 1 10 29 1 10 13 1 11 28 1 11 25 1 11 22 1 12 19 1 14 26 1 14 18 1 14 17 1 15 30 1 15 18 1 17 26 1 17 18 1 18 26 1 19 24 1 20 25 1 20 22 1 21 24 1 22 25 1 23 29 1 
# 170 0 30 47
0 0 2 3 1 1 4 2 3 2 3 0 2 0 1 0 3 1 3 0 2 4 0 2 2 0 3 0 3 2 
1 29 1 1 13 1 1 10 1 2 10 1 2 9 1 2 6 1 3 30 1 3 15 1 4 27 1 4 24 1 4 21 1 4 19 1 4 7 1 4 6 1 5 22 1 5 16 1 6 27 1 6 24 1 6 21 1 6 7 1 7 24 1 7 21 1 8 28 1 8 26 1 8 18 1 8 15 1 10 29 1 10 13 1 11 28 1 11 25 1 11 22 1 12 19 1 14 26 1 14 18 1 14 17 1 15 30 1 15 18 1 16 22 1 17 26 1 17 18 1 18 26 1 19 24 1 21 24 1 22 25 1 23 29 1 24 27 1 25 28 1 
# 171 0 30 47
0 0 2 3 1 1 4 2 3 2 3 0 2 0 1 0 3 1 3 0 2 4 0 2 2 0 3 0 3 2 
1 29 1 1 13 1 1 10 1 1 2 1 2 13 1 2 10 1 2 9 1 2 6 1 3 30 1 3 15 1 4 24 1 4 21 1 4 19 1 4 6 1 5 22 1 5 16 1 6 24 1 6 21 1 6 7 1 7 24 1 7 21 1 7 19 1 8 28 1 8 26 1 8 18 1 9 13 1 10 29 1 10 13 1 11 28 1 11 25 1 11 22 1 12 19 1 14 26 1 14 18 1 14 17 1 15 30 1 16 22 1 17 26 1 17 18 1 18 26 1 19 24 1 19 21 1 21 24 1 22 28 1 22 25 1 24 27 1 25 28 1 
# 172 0 30 43
0 0 2 3 1 1 4 2 3 2 3 0 2 0 1 0 3 1 3 0 2 4 0 2 2 0 3 0 3 2 
1 29 1 1 23 1 1 13 1 1 10 1 2 13 1 2 10 1 2 9 1 2 6 1 3 30 1 3 15 1 4 24 1 4 21 1 4 19 1 4 6 1 6 24 1 6 21 1 6 7 1 7 21 1 8 28 1 8 26 1 8 18 1 10 29 1 10 13 1 11 25 1 11 22 1 11 20 1 12 19 1 14 26 1 14 18 1 14 17 1 15 30 1 16 28 1 16 22 1 17 26 1 17 18 1 18 26 1 19 24 1 19 21 1 20 25 1 21 24 1 22 28 1 22 25 1 25 28 1 
# 173 0 30 43
0 0 2 3 1 1 4 2 3 2 3 0 2 0 1 0 3 1 3 0 2 4 0 2 2 0 3 0 3 2 
1 29 1 1 13 1 1 10 1 1 2 1 2 13 1 2 10 1 2 9 1 2 6 1 3 30 1 3 15 1 4 27 1 4 24 1 4 21 1 4 19 1 4 6 1 6 24 1 6 21 1 6 7 1 7 24 1 7 21 1 8 28 1 8 26 1 8 25 1 8 18 1 10 29 1 10 13 1 11 25 1 11 22 1 11 20 1 12 19 1 14 26 1 14 18 1 14 17 1 15 30 1 16 22 1 17 26 1 17 18 1 18 26 1 19 24 1 20 25 1 21 24 1 22 25 1 23 29 1 
# 174 0 30 46
0 0 2 3 1 1 4 2 3 2 3 0 2 0 1 0 3 1 3 0 2 4 0 2 2 0 3 0 3 2 
1 29 1 1 13 1 1 10 1 1 2 1 2 13 1 2 10 1 2 9 1 2 6 1 3 30 1 3 15 1 4 27 1 4 24 1 4 21 1 4 19 1 4 6 1 5 22 1 6 27 1 6 24 1 6 21 1 7 21 1 8 28 1 8 26 1 8 25 1 8 18 1 10 29 1 10 23 1 10 13 1 11 25 1 11 22 1 11 20 1 12 19 1 14 18 1 14 17 1 15 30 1 16 28 1 16 22 1 17 26 1 17 18 1 18 26 1 19 24 1 20 22 1 21 24 1 22 25 1 23 29 1 24 27 1 25 28 1 
# 175 0 30 45
0 0 2 3 1 1 4 2 3 2 3 0 2 0 1 0 3 1 3 0 2 4 0 2 2 0 3 0 3 2 
1 29 1 1 23 1 1 13 1 1 10 1 1 2 1 2 13 1 2 10 1 2 9 1 2 6 1 3 30 1 3 15 1 4 24 1 4 21 1 4 19 1 5 22 1 6 27 1 6 24 1 6 21 1 6 7 1 7 24 1 7 21 1 8 28 1 8 26 1 8 25 1 9 13 1 10 29 1 10 13 1 11 25 1 11 22 1 11 20 1 12 19 1 14 26 1 14 18 1 14 17 1 15 30 1 16 28 1 16 22 1 17 26 1 17 18 1 18 26 1 19 24 1 21 24 1 23 29 1 24 27 1 25 28 1 
# 176 0 30 39
0 0 2 3 1 1 4 2 3 2 3 0 2 0 1 0 3 1 3 0 2 4 0 2 2 0 3 0 3 2 
1 29 1 1 23 1 1 13 1 1 10 1 2 13 1 2 10 1 2 9 1 3 30 1 3 15 1 4 24 1 4 21 1 4 19 1 5 22 1 6 24 1 6 21 1 6 7 1 7 24 1 7 21 1 7 16 1 8 28 1 8 26 1 8 25 1 9 13 1 10 23 1 10 13 1 11 25 1 11 22 1 11 20 1 12 19 1 14 18 1 14 17 1 15 30 1 16 22 1 17 26 1 17 18 1 18 26 1 19 24 1 21 24 1 23 29 1 
# 177 0 30 41
0 0 2 3 1 1 4 2 3 2 3 0 2 0 1 0 3 1 3 0 2 4 0 2 2 0 3 0 3 2 
1 29 1 1 23 1 1 13 1 1 10 1 1 2 1 2 13 1 2 10 1 2 9 1 3 30 1 3 15 1 4 24 1 4 21 1 4 19 1 5 22 1 6 24 1 6 21 1 6 7 1 7 24 1 7 21 1 7 16 1 8 28 1 8 26 1 8 25 1 9 13 1 10 23 1 10 13 1 11 25 1 11 22 1 11 20 1 12 19 1 14 26 1 14 18 1 14 17 1 15 30 1 16 22 1 17 26 1 17 18 1 18 26 1 19 24 1 21 24 1 23 29 1 
# 178 0 30 40
0 0 2 3 1 1 4 2 3 2 3 0 2 0 1 0 3 1 3 0 2 4 0 2 2 0 3 0 3 2 
1 29 1 1 23 1 1 13 1 1 10 1 2 13 1 2 10 1 2 9 1 3 30 1 3 15 1 4 24 1 4 21 1 4 19 1 5 22 1 6 24 1 6 21 1 6 7 1 7 24 1 7 21 1 7 16 1 8 28 1 8 26 1 8 25 1 8 18 1 9 13 1 10 13 1 11 25 1 11 20 1 12 19 1 14 26 1 14 18 1 14 17 1 15 30 1 16 22 1 17 26 1 17 18 1 18 26 1 19 24 1 21 27 1 21 24 1 23 29 1 
# 179 0 30 39
0 0 2 3 1 1 4 2 3 2 3 0 2 0 1 0 3 1 3 0 2 4 0 2 2 0 3 0 3 2 
1 29 1 1 13 1 1 10 1 2 13 1 2 10 1 2 9 1 3 30 1 3 15 1 4 24 1 4 21 1 5 22 1 5 20 1 6 24 1 6 21 1 6 7 1 7 24 1 7 21 1 7 16 1 8 28 1 8 26 1 8 25 1 8 18 1 9 13 1 10 13 1 11 25 1 11 20 1 12 19 1 14 26 1 14 18 1 14 17 1 15 30 1 16 22 1 17 26 1 17 18 1 18 26 1 21 27 1 21 24 1 25 28 1 25 26 1 
# 180 0 30 40
0 0 2 3 1 1 4 2 3 2 3 0 2 0 1 0 3 1 3 0 2 4 0 2 2 0 3 0 3 2 
1 29 1 1 13 1 1 10 1 2 13 1 2 10 1 2 9 1 3 30 1 3 15 1 4 24 1 4 21 1 4 19 1 5 22 1 5 20 1 6 24 1 6 21 1 6 7 1 7 24 1 7 21 1 7 16 1 8 28 1 8 26 1 8 25 1 9 13 1 10 29 1 10 13 1 11 25 1 11 20 1 12 19 1 14 18 1 14 17 1 15 30 1 16 22 1 17 26 1 17 18 1 18 26 1 20 22 1 21 24 1 25 28 1 25 26 1 27 29 1 
# 181 0 30 41
0 0 2 3 1 1 4 2 3 2 3 0 2 0 1 0 3 1 3 0 2 4 0 2 2 0 3 0 3 2 
1 29 1 1 23 1 1 13 1 1 10 1 2 13 1 2 10 1 2 9 1 2 3 1 3 30 1 3 15 1 4 24 1 4 21 1 4 19 1 4 12 1 5 22 1 5 20 1 6 24 1 6 21 1 6 7 1 7 16 1 8 28 1 8 26 1 8 25 1 9 13 1 10 29 1 10 13 1 11 25 1 11 20 1 12 19 1 14 18 1 14 17 1 15 30 1 16 22 1 17 18 1 18 26 1 19 24 1 20 22 1 21 24 1 25 28 1 25 26 1 27 29 1 
# 182 0 30 45
0 0 2 3 1 1 4 2 3 2 3 0 2 0 1 0 3 1 3 0 2 4 0 2 2 0 3 0 3 2 
1 29 1 1 23 1 1 13 1 1 10 1 2 13 1 2 10 1 2 9 1 2 3 1 3 30 1 3 15 1 4 24 1 4 21 1 4 19 1 4 12 1 4 6 1 5 22 1 5 20 1 6 24 1 6 21 1 6 7 1 7 21 1 7 16 1 8 28 1 8 26 1 8 25 1 9 13 1 10 29 1 10 13 1 11 25 1 12 24 1 12 19 1 13 29 1 14 18 1 14 17 1 15 30 1 15 26 1 16 28 1 16 22 1 17 26 1 17 18 1 18 26 1 19 24 1 21 24 1 22 28 1 25 28 1 
# 183 0 30 43
0 0 2 3 1 1 4 2 3 2 3 0 2 0 1 0 3 1 3 0 2 4 0 2 2 0 3 0 3 2 
1 29 1 1 23 1 1 13 1 1 10 1 2 13 1 2 10 1 2 9 1 3 30 1 3 15 1 4 24 1 4 21 1 4 19 1 4 12 1 4 6 1 6 24 1 6 21 1 6 7 1 7 21 1 7 16 1 8 28 1 8 26 1 8 25 1 9 13 1 10 29 1 10 13 1 11 25 1 12 24 1 12 19 1 13 29 1 14 18 1 14 17 1 15 30 1 15 26 1 16 28 1 16 22 1 17 26 1 17 18 1 18 26 1 19 24 1 21 24 1 22 28 1 25 28 1 27 29 1 
# 184 0 30 42
0 0 2 3 1 1 4 2 3 2 3 0 2 0 1 0 3 1 3 0 2 4 0 2 2 0 3 0 3 2 
1 29 1 1 23 1 1 10 1 2 13 1 2 10 1 2 9 1 3 30 1 3 15 1 4 24 1 4 21 1 4 19 1 4 12 1 4 6 1 6 24 1 6 21 1 6 9 1 6 7 1 7 21 1 7 16 1 8 26 1 8 25 1 8 11 1 10 29 1 10 13 1 11 25 1 12 24 1 12 19 1 13 29 1 14 18 1 14 17 1 15 30 1 15 26 1 16 28 1 16 22 1 17 18 1 18 26 1 19 24 1 20 25 1 21 24 1 22 28 1 23 29 1 25 28 1 
# 185 0 30 45
0 0 2 3 1 1 4 2 3 2 3 0 2 0 1 0 3 1 3 0 2 4 0 2 2 0 3 0 3 2 
1 29 1 1 23 1 2 13 1 2 10 1 2 9 1 3 30 1 3 15 1 4 24 1 4 21 1 4 12 1 4 6 1 6 24 1 6 21 1 6 7 1 7 24 1 7 21 1 7 16 1 8 28 1 8 26 1 8 25 1 8 11 1 10 29 1 10 13 1 11 25 1 11 20 1 12 24 1 12 19 1 13 29 1 14 18 1 14 17 1 15 30 1 15 26 1 15 18 1 15 17 1 16 28 1 16 22 1 17 18 1 18 26 1 19 24 1 20 28 1 20 25 1 20 22 1 21 24 1 22 28 1 25 28 1 
# 186 0 30 44
0 0 2 3 1 1 4 2 3 2 3 0 2 0 1 0 3 1 3 0 2 4 0 2 2 0 3 0 3 2 
1 29 1 1 23 1 1 13 1 2 13 1 2 10 1 2 9 1 3 30 1 3 15 1 4 24 1 4 21 1 4 19 1 4 12 1 4 6 1 6 27 1 6 24 1 6 21 1 7 21 1 7 16 1 8 26 1 8 25 1 8 11 1 10 29 1 10 13 1 11 25 1 11 20 1 12 24 1 12 21 1 12 19 1 13 29 1 14 18 1 14 17 1 15 30 1 15 18 1 17 26 1 17 18 1 18 26 1 20 28 1 20 25 1 20 22 1 21 24 1 22 28 1 23 29 1 25 28 1 25 26 1 
# 187 0 30 44
0 0 2 3 1 1 4 2 3 2 3 0 2 0 1 0 3 1 3 0 2 4 0 2 2 0 3 0 3 2 
1 29 1 1 23 1 2 13 1 2 10 1 2 9 1 3 30 1 3 15 1 4 24 1 4 21 1 4 19 1 4 12 1 4 6 1 5 22 1 6 24 1 6 21 1 6 7 1 7 21 1 8 26 1 8 25 1 8 11 1 9 16 1 10 29 1 10 13 1 11 26 1 11 25 1 12 24 1 12 21 1 12 19 1 13 29 1 14 18 1 14 17 1 15 30 1 15 18 1 16 28 1 17 18 1 18 26 1 19 24 1 20 28 1 20 25 1 20 22 1 21 24 1 22 28 1 23 29 1 25 28 1 
# 188 0 30 45
0 0 2 3 1 1 4 2 3 2 3 0 2 0 1 0 3 1 3 0 2 4 0 2 2 0 3 0 3 2 
1 29 1 1 23 1 2 10 1 2 9 1 3 30 1 4 24 1 4 21 1 4 19 1 4 12 1 4 6 1 6 24 1 6 21 1 6 12 1 6 7 1 7 22 1 8 26 1 8 25 1 8 11 1 9 16 1 9 10 1 10 29 1 10 13 1 11 25 1 11 20 1 12 24 1 12 21 1 12 19 1 13 29 1 14 18 1 14 17 1 15 30 1 15 18 1 15 17 1 16 28 1 16 22 1 17 26 1 17 18 1 18 26 1 19 24 1 19 21 1 20 28 1 20 25 1 21 24 1 23 29 1 25 28 1 
# 189 0 30 40
0 0 2 3 1 1 4 2 3 2 3 0 2 0 1 0 3 1 3 0 2 4 0 2 2 0 3 0 3 2 
1 23 1 2 10 1 2 9 1 3 30 1 4 24 1 4 21 1 4 19 1 4 12 1 4 6 1 6 24 1 6 21 1 7 22 1 8 26 1 8 25 1 8 11 1 9 16 1 9 10 1 10 29 1 10 13 1 11 25 1 12 24 1 12 21 1 12 19 1 13 29 1 14 18 1 14 17 1 15 30 1 15 26 1 15 18 1 15 17 1 16 28 1 16 22 1 17 26 1 17 18 1 19 24 1 19 21 1 20 25 1 20 22 1 21 24 1 25 28 1 
# 190 0 30 43
0 0 2 3 1 1 4 2 3 2 3 0 2 0 1 0 3 1 3 0 2 4 0 2 2 0 3 0 3 2 
1 29 1 1 23 1 1 13 1 2 29 1 2 10 1 2 9 1 3 30 1 4 24 1 4 21 1 4 19 1 4 12 1 4 6 1 6 24 1 6 21 1 7 22 1 7 16 1 8 28 1 8 26 1 8 25 1 8 11 1 9 16 1 10 29 1 10 13 1 11 25 1 12 24 1 12 21 1 12 19 1 13 29 1 14 18 1 14 17 1 15 30 1 15 26 1 15 18 1 16 28 1 16 22 1 17 26 1 17 18 1 18 26 1 19 24 1 19 21 1 20 25 1 21 24 1 25 28 1 
# 191 0 30 40
0 0 2 3 1 1 4 2 3 2 3 0 2 0 1 0 3 1 3 0 2 4 0 2 2 0 3 0 3 2 
1 23 1 2 9 1 3 30 1 4 24 1 4 21 1 4 19 1 4 12 1 6 24 1 6 21 1 6 12 1 6 7 1 7 22 1 8 26 1 8 25 1 8 11 1 9 16 1 10 29 1 10 13 1 11 25 1 12 24 1 12 21 1 12 19 1 13 29 1 14 18 1 14 17 1 15 30 1 15 26 1 15 18 1 16 28 1 16 22 1 17 26 1 17 18 1 18 26 1 19 24 1 19 21 1 20 28 1 20 25 1 21 24 1 22 28 1 25 28 1 
# 192 0 30 41
0 0 2 3 1 1 4 2 3 2 3 0 2 0 1 0 3 1 3 0 2 4 0 2 2 0 3 0 3 2 
1 23 1 2 29 1 2 13 1 2 9 1 3 30 1 4 24 1 4 21 1 4 19 1 4 12 1 4 7 1 6 27 1 6 21 1 7 24 1 7 21 1 7 12 1 8 26 1 8 25 1 8 11 1 9 16 1 10 29 1 11 25 1 12 24 1 12 21 1 12 19 1 13 29 1 14 18 1 14 17 1 15 30 1 15 26 1 16 28 1 16 22 1 17 26 1 17 18 1 18 26 1 19 24 1 19 21 1 20 28 1 20 25 1 21 24 1 22 28 1 25 28 1 
# 193 0 30 40
0 0 2 3 1 1 4 2 3 2 3 0 2 0 1 0 3 1 3 0 2 4 0 2 2 0 3 0 3 2 
1 23 1 2 29 1 2 10 1 2 9 1 3 30 1 4 24 1 4 21 1 4 19 1 4 12 1 4 7 1 6 27 1 6 21 1 6 12 1 7 22 1 7 12 1 8 26 1 8 11 1 9 16 1 10 29 1 11 25 1 12 24 1 12 21 1 12 19 1 13 29 1 14 18 1 14 17 1 15 30 1 15 26 1 16 28 1 16 22 1 17 26 1 17 18 1 18 26 1 19 24 1 19 21 1 20 28 1 20 25 1 21 24 1 22 28 1 25 28 1 
# 194 0 30 45
0 0 2 3 1 1 4 2 3 2 3 0 2 0 1 0 3 1 3 0 2 4 0 2 2 0 3 0 3 2 
1 23 1 2 29 1 2 13 1 2 10 1 2 9 1 3 30 1 3 10 1 4 24 1 4 21 1 4 19 1 4 12 1 4 7 1 6 27 1 6 21 1 6 12 1 7 24 1 7 22 1 7 12 1 8 26 1 8 25 1 8 11 1 9 16 1 10 29 1 10 13 1 11 25 1 12 24 1 12 21 1 12 19 1 13 29 1 14 26 1 14 18 1 14 17 1 15 30 1 16 28 1 16 22 1 17 26 1 17 18 1 18 26 1 19 24 1 19 21 1 20 28 1 20 25 1 21 24 1 22 28 1 25 28 1 
# 195 0 30 40
0 0 2 3 1 1 4 2 3 2 3 0 2 0 1 0 3 1 3 0 2 4 0 2 2 0 3 0 3 2 
1 23 1 2 13 1 2 10 1 2 9 1 3 30 1 4 24 1 4 21 1 4 19 1 4 12 1 4 7 1 6 27 1 6 21 1 6 12 1 7 24 1 7 22 1 8 26 1 8 25 1 8 11 1 9 16 1 10 29 1 10 13 1 11 25 1 12 24 1 12 21 1 13 29 1 14 18 1 14 17 1 15 30 1 15 26 1 16 28 1 16 22 1 17 26 1 17 18 1 19 24 1 20 28 1 20 25 1 20 22 1 21 24 1 22 28 1 25 28 1 
# 196 0 30 44
0 0 2 3 1 1 4 2 3 2 3 0 2 0 1 0 3 1 3 0 2 4 0 2 2 0 3 0 3 2 
1 23 1 2 13 1 2 9 1 3 30 1 4 24 1 4 21 1 4 19 1 4 12 1 4 7 1 6 27 1 6 21 1 6 12 1 7 24 1 7 12 1 8 26 1 8 25 1 8 11 1 9 16 1 10 29 1 10 13 1 11 25 1 12 24 1 12 21 1 12 19 1 13 29 1 14 26 1 14 18 1 14 17 1 15 30 1 15 26 1 15 18 1 16 28 1 16 22 1 17 26 1 17 18 1 18 26 1 19 24 1 19 21 1 20 28 1 20 25 1 20 22 1 21 24 1 22 28 1 25 28 1 
# 197 0 30 38
0 0 2 3 1 1 4 2 3 2 3 0 2 0 1 0 3 1 3 0 2 4 0 2 2 0 3 0 3 2 
1 23 1 2 29 1 2 9 1 3 30 1 3 9 1 4 24 1 4 21 1 4 19 1 4 12 1 4 7 1 6 27 1 7 12 1 8 26 1 8 25 1 8 11 1 9 16 1 10 29 1 10 13 1 11 25 1 12 24 1 12 21 1 13 29 1 14 18 1 14 17 1 15 26 1 15 18 1 16 28 1 16 22 1 17 26 1 17 18 1 18 26 1 19 24 1 20 28 1 20 25 1 20 22 1 21 24 1 22 28 1 25 28 1 
# 198 0 30 39
0 0 2 3 1 1 4 2 3 2 3 0 2 0 1 0 3 1 3 0 2 4 0 2 2 0 3 0 3 2 
1 23 1 2 9 1 3 30 1 3 9 1 4 24 1 4 21 1 4 19 1 4 12 1 4 7 1 6 27 1 6 13 1 7 22 1 7 12 1 8 26 1 8 25 1 8 11 1 9 16 1 10 29 1 11 25 1 12 24 1 12 21 1 13 29 1 13 27 1 14 26 1 14 18 1 14 17 1 15 30 1 15 26 1 15 18 1 16 28 1 16 22 1 17 26 1 17 18 1 18 26 1 19 24 1 20 28 1 20 25 1 21 24 1 25 28 1 
# 199 0 30 36
0 0 2 3 1 1 4 2 3 2 3 0 2 0 1 0 3 1 3 0 2 4 0 2 2 0 3 0 3 2 
1 23 1 2 9 1 3 30 1 3 9 1 4 24 1 4 21 1 4 19 1 4 12 1 4 7 1 6 27 1 6 13 1 6 12 1 7 22 1 8 25 1 8 17 1 8 11 1 10 29 1 10 13 1 11 25 1 12 24 1 12 21 1 13 29 1 13 27 1 14 26 1 14 18 1 14 17 1 15 26 1 15 18 1 16 28 1 16 22 1 17 26 1 17 18 1 18 26 1 20 22 1 21 24 1 25 28 1 
# 200 0 30 38
0 0 2 3 1 1 4 2 3 2 3 0 2 0 1 0 3 1 3 0 2 4 0 2 2 0 3 0 3 2 
1 23 1 2 9 1 3 30 1 3 9 1 4 24 1 4 21 1 4 19 1 4 12 1 6 27 1 6 13 1 6 12 1 7 22 1 8 25 1 8 17 1 8 11 1 10 29 1 10 13 1 11 25 1 12 24 1 12 21 1 12 19 1 13 29 1 13 27 1 14 26 1 14 18 1 14 17 1 15 26 1 15 18 1 16 28 1 16 22 1 16 20 1 18 30 1 18 26 1 19 24 1 19 21 1 20 22 1 21 24 1 25 28 1 
$
