# 1 1 5 4
5 22 5 5 20
1 2 1 2 3 1 2 4 1 2 5 1 
# 2 1 21 25
22 5 22 5 22 15 22 5 22 5 22 5 22 5 5 22 5 22 5 22 5
1 2 1 1 3 1 1 9 1 1 16 1 3 4 1 3 5 1 3 18 1 5 6 1 5 7 1 7 8 1 7 9 1 7 20 1 9 10 1 9 11 1 11 12 1 11 13 1 11 20 1 13 14 1 13 15 1 13 16 1 16 17 1 16 18 1 18 19 1 18 20 1 20 21 1 
# 3 1 22 21
15 22 15 22 18 22 22 15 15 22 22 15 15 20 20 20 20 20 20 20 20 20
1 2 1 1 14 1 2 3 1 2 4 1 4 5 1 4 15 1 4 16 1 5 6 1 5 10 1 6 7 1 6 17 1 6 18 1 7 8 1 7 9 1 8 19 1 10 11 1 10 20 1 10 21 1 11 12 1 11 13 1 12 22 1 
# 4 1 35 35
22 15 18 22 22 22 22 22 22 22 22 18 18 22 22 22 20 20 20 20 20 20 20 20 20 20 20 20 20 20 20 20 20 20 20
1 2 1 1 3 1 1 7 1 3 4 1 3 17 1 4 5 1 4 6 1 4 18 1 5 19 1 5 20 1 5 21 1 6 22 1 6 23 1 6 24 1 7 8 1 7 16 1 8 9 1 8 25 1 9 10 1 9 26 1 10 11 1 10 15 1 11 12 1 11 27 1 11 28 1 12 13 1 12 29 1 13 14 1 13 30 1 14 31 1 14 32 1 14 33 1 15 16 1 15 34 1 16 35 1 
# 5 1 29 30
14 15 15 22 22 22 22 18 22 22 22 22 22 22 18 22 22 20 20 20 20 20 20 20 20 20 20 20 20
1 2 1 1 3 1 1 4 1 1 11 1 4 5 1 4 10 1 5 6 1 5 18 1 6 7 1 6 19 1 7 8 1 7 9 1 8 20 1 8 21 1 9 10 1 9 22 1 10 23 1 11 12 1 11 17 1 12 13 1 12 24 1 13 14 1 13 25 1 14 15 1 14 16 1 15 26 1 15 27 1 16 17 1 16 28 1 17 29 1 
# 6 1 11 10
22 3 22 3 22 5 20 20 20 20 20
1 2 1 1 3 1 1 5 1 1 7 1 3 4 1 3 8 1 3 9 1 5 6 1 5 10 1 5 11 1 
# 7 1 29 31
15 18 15 22 22 22 22 22 22 22 15 22 22 22 22 22 22 22 15 22 20 20 20 20 20 20 20 20 20
1 2 1 2 3 1 2 4 1 4 5 1 4 20 1 5 6 1 5 7 1 6 21 1 6 22 1 6 23 1 7 8 1 7 24 1 8 9 1 8 25 1 9 10 1 9 20 1 10 11 1 10 12 1 12 13 1 12 17 1 13 14 1 13 26 1 14 15 1 14 27 1 15 16 1 15 28 1 16 17 1 16 29 1 17 18 1 18 19 1 18 20 1 
# 8 1 62 63
22 15 22 15 22 15 22 22 15 22 22 22 22 15 22 22 22 18 22 22 22 15 22 15 22 22 22 22 22 20 20 20 20 20 20 20 20 20 20 20 20 20 20 20 20 20 20 20 20 20 20 20 20 20 20 20 20 20 20 20 20 20
1 2 1 1 15 1 1 30 1 1 31 1 2 3 1 3 4 1 3 5 1 5 6 1 5 7 1 5 11 1 6 32 1 7 8 1 7 9 1 7 33 1 8 34 1 8 35 1 8 36 1 9 10 1 10 37 1 10 38 1 10 39 1 11 12 1 11 13 1 11 14 1 12 40 1 12 41 1 12 42 1 13 43 1 13 44 1 13 45 1 14 46 1 15 16 1 15 29 1 16 17 1 16 47 1 17 18 1 17 48 1 17 49 1 18 19 1 18 29 1 19 20 1 19 50 1 19 51 1 20 21 1 20 52 1 20 53 1 21 22 1 21 29 1 21 54 1 22 23 1 23 24 1 23 25 1 25 26 1 25 27 1 26 55 1 26 56 1 26 57 1 27 28 1 27 58 1 28 59 1 28 60 1 28 61 1 29 62 1 
# 9 1 14 14
22 5 22 5 22 5 22 22 18 22 5 22 22 18
1 2 1 1 3 1 1 12 1 3 4 1 3 5 1 5 6 1 5 7 1 7 8 1 7 10 1 8 9 1 10 11 1 10 12 1 12 13 1 13 14 1 
# 10 1 27 28
14 22 22 22 22 18 22 22 22 22 22 22 18 22 22 20 20 20 20 20 20 20 20 20 20 20 20
1 2 1 1 9 1 2 3 1 2 8 1 3 4 1 3 16 1 4 5 1 4 17 1 5 6 1 5 7 1 6 18 1 6 19 1 7 8 1 7 20 1 8 21 1 9 10 1 9 15 1 10 11 1 10 22 1 11 12 1 11 23 1 12 13 1 12 14 1 13 24 1 13 25 1 14 15 1 14 26 1 15 27 1 
# 11 1 43 46
18 22 22 22 22 22 22 22 22 15 22 22 22 22 22 22 22 22 15 22 22 22 15 22 20 20 20 20 20 20 20 20 20 20 20 20 20 20 20 20 20 20 20
1 2 1 1 3 1 1 12 1 2 25 1 2 26 1 2 27 1 3 4 1 3 8 1 4 5 1 4 28 1 5 6 1 5 29 1 6 7 1 6 30 1 7 8 1 7 31 1 8 9 1 9 10 1 9 11 1 11 12 1 11 22 1 12 13 1 13 14 1 13 20 1 14 15 1 14 32 1 15 16 1 15 33 1 16 17 1 16 18 1 16 19 1 17 34 1 17 35 1 17 36 1 18 37 1 18 38 1 18 39 1 19 20 1 20 21 1 21 22 1 21 40 1 22 23 1 23 24 1 24 41 1 24 42 1 24 43 1 
# 12 1 12 12
15 18 15 22 22 18 22 18 14 20 20 20
1 2 1 2 3 1 2 4 1 4 5 1 4 9 1 5 6 1 5 10 1 6 7 1 7 8 1 7 9 1 8 11 1 8 12 1 
# 13 1 19 19
15 18 15 22 22 22 22 22 22 22 18 15 15 20 20 20 20 20 20
1 2 1 2 3 1 2 4 1 4 5 1 4 9 1 5 6 1 5 14 1 6 7 1 6 11 1 7 8 1 7 15 1 8 9 1 8 16 1 9 10 1 10 17 1 10 18 1 10 19 1 11 12 1 11 13 1 
# 14 1 8 7
5 22 22 5 20 20 20 20
1 2 1 2 3 1 2 5 1 2 6 1 3 4 1 3 7 1 3 8 1 
# 15 1 23 25
16 14 18 22 22 18 22 22 18 22 22 20 20 20 20 20 20 20 20 20 20 20 20
1 2 1 1 3 1 1 6 1 1 9 1 3 4 1 3 5 1 4 5 1 4 12 1 4 13 1 5 14 1 5 15 1 6 7 1 6 8 1 7 8 1 7 16 1 7 17 1 8 18 1 8 19 1 9 10 1 9 11 1 10 11 1 10 20 1 10 21 1 11 22 1 11 23 1 
# 16 1 16 16
18 22 22 22 5 22 22 22 18 20 20 20 20 20 20 20
1 2 1 1 10 1 1 11 1 2 3 1 2 8 1 3 4 1 3 12 1 4 5 1 4 6 1 6 7 1 6 13 1 7 8 1 7 14 1 8 9 1 9 15 1 9 16 1 
# 17 1 43 44
22 22 22 22 22 22 22 18 22 22 5 22 22 22 15 22 22 22 22 22 22 20 20 20 20 20 20 20 20 20 20 20 20 20 20 20 20 20 20 20 20 20 20
1 2 1 1 8 1 1 22 1 1 23 1 2 3 1 2 7 1 3 4 1 3 24 1 4 5 1 4 25 1 5 6 1 5 26 1 6 7 1 6 27 1 7 28 1 8 9 1 8 12 1 9 10 1 9 29 1 9 30 1 10 11 1 10 31 1 10 32 1 12 13 1 12 14 1 12 33 1 13 34 1 13 35 1 13 36 1 14 15 1 14 37 1 14 38 1 15 16 1 16 17 1 16 21 1 17 18 1 17 39 1 18 19 1 18 40 1 19 20 1 19 41 1 20 21 1 20 42 1 21 43 1 
# 18 1 35 34
16 15 15 22 22 3 22 3 15 22 22 3 22 3 15 22 22 3 22 3 20 20 20 20 20 20 20 20 20 20 20 20 20 20 20
1 2 1 1 3 1 1 9 1 1 15 1 3 4 1 4 5 1 4 21 1 4 22 1 5 6 1 5 7 1 5 23 1 7 8 1 7 24 1 7 25 1 9 10 1 10 11 1 10 26 1 10 27 1 11 12 1 11 13 1 11 28 1 13 14 1 13 29 1 13 30 1 15 16 1 16 17 1 16 31 1 16 32 1 17 18 1 17 19 1 17 33 1 19 20 1 19 34 1 19 35 1 
# 19 1 14 14
22 22 15 22 22 15 20 20 20 20 20 20 20 20
1 2 1 1 6 1 1 7 1 1 8 1 2 3 1 2 9 1 2 10 1 3 4 1 4 5 1 4 11 1 4 12 1 5 6 1 5 13 1 5 14 1 
# 20 1 17 16
16 15 15 22 15 22 15 22 20 20 20 20 20 20 20 20 20
1 2 1 1 3 1 1 5 1 1 7 1 3 4 1 4 9 1 4 10 1 4 11 1 5 6 1 6 12 1 6 13 1 6 14 1 7 8 1 8 15 1 8 16 1 8 17 1 
# 21 1 20 20
22 22 22 15 22 22 18 22 22 18 20 20 20 20 20 20 20 20 20 20
1 2 1 1 9 1 1 11 1 2 3 1 2 12 1 3 4 1 3 6 1 4 5 1 5 13 1 5 14 1 5 15 1 6 7 1 6 8 1 7 16 1 7 17 1 8 9 1 8 18 1 9 10 1 10 19 1 10 20 1 
# 22 1 16 16
22 22 22 5 22 18 22 22 18 20 20 20 20 20 20 20
1 2 1 1 8 1 1 10 1 2 3 1 2 11 1 3 4 1 3 5 1 5 6 1 5 7 1 6 12 1 6 13 1 7 8 1 7 14 1 8 9 1 9 15 1 9 16 1 
# 23 1 8 7
22 3 22 3 20 20 20 20
1 2 1 1 3 1 1 5 1 1 6 1 3 4 1 3 7 1 3 8 1 
# 24 1 18 18
22 22 22 22 22 22 18 15 22 20 20 20 20 20 20 20 20 20
1 2 1 1 6 1 1 10 1 2 3 1 2 11 1 3 4 1 3 12 1 4 5 1 4 13 1 5 6 1 5 8 1 6 7 1 7 14 1 7 15 1 8 9 1 9 16 1 9 17 1 9 18 1 
# 25 1 26 27
18 18 22 22 22 22 22 22 22 22 22 22 22 22 20 20 20 20 20 20 20 20 20 20 20 20
1 2 1 1 9 1 1 15 1 2 3 1 2 16 1 3 4 1 3 8 1 4 5 1 4 17 1 5 6 1 5 18 1 6 7 1 6 19 1 7 8 1 7 20 1 8 21 1 9 10 1 9 14 1 10 11 1 10 22 1 11 12 1 11 23 1 12 13 1 12 24 1 13 14 1 13 25 1 14 26 1 
# 26 1 30 32
22 22 18 22 22 22 22 22 22 22 22 22 18 22 22 22 20 20 20 20 20 20 20 20 20 20 20 20 20 20
1 2 1 1 3 1 1 17 1 1 18 1 2 19 1 2 20 1 2 21 1 3 4 1 3 16 1 4 5 1 4 9 1 5 6 1 5 22 1 6 7 1 6 23 1 7 8 1 7 24 1 8 9 1 8 25 1 9 10 1 10 11 1 10 16 1 11 12 1 11 26 1 12 13 1 12 14 1 13 27 1 13 28 1 14 15 1 14 29 1 15 16 1 15 30 1 
# 27 1 17 17
22 22 22 18 22 22 22 15 18 15 15 20 20 20 20 20 20
1 2 1 1 7 1 1 12 1 2 3 1 2 13 1 3 4 1 3 5 1 4 14 1 4 15 1 5 6 1 5 16 1 6 7 1 6 9 1 7 8 1 8 17 1 9 10 1 9 11 1 
# 28 1 14 14
5 22 22 22 22 22 18 22 20 20 20 20 20 20
1 2 1 2 3 1 2 9 1 2 10 1 3 4 1 3 8 1 4 5 1 4 11 1 5 6 1 5 12 1 6 7 1 6 13 1 7 8 1 8 14 1 
# 29 1 27 28
18 18 22 22 22 22 22 22 22 22 22 22 18 18 22 18 20 20 20 20 20 20 20 20 20 20 20
1 2 1 1 9 1 2 3 1 3 4 1 3 8 1 4 5 1 4 17 1 5 6 1 5 18 1 6 7 1 6 19 1 7 8 1 7 20 1 8 21 1 9 10 1 9 15 1 10 11 1 10 22 1 11 12 1 11 23 1 12 13 1 12 14 1 13 24 1 13 25 1 14 15 1 15 16 1 16 26 1 16 27 1 
# 30 1 16 16
22 22 22 22 22 22 18 15 18 15 20 20 20 20 20 20
1 2 1 1 6 1 1 11 1 2 3 1 2 12 1 3 4 1 3 13 1 4 5 1 4 14 1 5 6 1 5 7 1 6 15 1 7 8 1 7 9 1 8 16 1 9 10 1 
# 31 1 21 21
15 22 22 22 22 22 18 22 22 22 20 20 20 20 20 20 20 20 20 20 20
1 2 1 1 3 1 2 11 1 2 12 1 2 13 1 3 4 1 3 10 1 4 5 1 4 14 1 5 6 1 5 15 1 6 7 1 6 8 1 7 16 1 7 17 1 8 9 1 8 10 1 9 18 1 9 19 1 9 20 1 10 21 1 
# 32 1 29 31
15 22 22 22 22 22 22 22 22 15 22 22 22 22 22 22 18 22 20 20 20 20 20 20 20 20 20 20 20
1 2 1 2 3 1 2 18 1 3 4 1 3 8 1 4 5 1 4 19 1 5 6 1 5 20 1 6 7 1 6 21 1 7 8 1 7 22 1 8 9 1 9 10 1 9 11 1 11 12 1 11 18 1 12 13 1 12 23 1 13 14 1 13 24 1 14 15 1 14 16 1 15 25 1 15 26 1 15 27 1 16 17 1 16 18 1 17 28 1 17 29 1 
# 33 1 26 25
18 22 22 22 22 22 14 14 22 22 22 5 20 20 20 20 20 20 20 20 20 20 20 20 20 20
1 2 1 1 4 1 1 6 1 2 3 1 2 13 1 2 14 1 3 15 1 3 16 1 3 17 1 4 5 1 4 18 1 4 19 1 5 20 1 5 21 1 5 22 1 6 7 1 6 8 1 8 9 1 9 10 1 9 23 1 9 24 1 10 11 1 10 12 1 11 25 1 11 26 1 
# 34 1 24 26
15 18 15 22 22 22 22 22 22 22 22 22 22 22 22 20 20 20 20 20 20 20 20 20
1 2 1 2 3 1 2 4 1 4 5 1 4 14 1 5 6 1 5 16 1 6 7 1 6 17 1 7 8 1 7 15 1 8 9 1 8 18 1 8 19 1 9 10 1 9 20 1 9 21 1 10 11 1 10 15 1 11 12 1 11 22 1 12 13 1 12 23 1 13 14 1 13 24 1 14 15 1 
# 35 1 20 20
22 22 18 22 15 22 22 22 22 18 15 15 20 20 20 20 20 20 20 20
1 2 1 1 9 1 1 13 1 2 3 1 2 4 1 3 14 1 3 15 1 4 5 1 4 7 1 5 6 1 6 16 1 6 17 1 6 18 1 7 8 1 7 19 1 8 9 1 8 20 1 9 10 1 10 11 1 10 12 1 
# 36 1 34 35
22 22 22 22 18 22 15 22 22 15 22 22 22 22 22 18 22 15 22 15 22 22 20 20 20 20 20 20 20 20 20 20 20 20
1 2 1 1 9 1 1 12 1 2 3 1 2 23 1 3 4 1 3 24 1 4 5 1 4 8 1 5 6 1 6 7 1 8 9 1 8 10 1 9 25 1 10 11 1 11 26 1 11 27 1 11 28 1 12 13 1 12 22 1 13 14 1 13 29 1 14 15 1 14 30 1 15 16 1 15 19 1 16 17 1 17 18 1 19 20 1 19 22 1 20 21 1 21 31 1 21 32 1 21 33 1 22 34 1 
# 37 1 14 14
22 22 22 22 22 22 18 20 20 20 20 20 20 20
1 2 1 1 6 1 1 8 1 2 3 1 2 9 1 3 4 1 3 10 1 4 5 1 4 11 1 5 6 1 5 12 1 6 7 1 7 13 1 7 14 1 
# 38 1 15 15
15 22 22 22 22 22 15 20 20 20 20 20 20 20 20
1 2 1 1 6 1 2 3 1 2 8 1 2 9 1 3 4 1 3 5 1 3 6 1 4 10 1 4 11 1 4 12 1 5 13 1 5 14 1 5 15 1 6 7 1 
# 39 1 21 21
15 22 22 22 22 22 22 22 22 18 20 20 20 20 20 20 20 20 20 20 20
1 2 1 1 3 1 2 11 1 2 12 1 2 13 1 3 4 1 3 9 1 4 5 1 4 14 1 5 6 1 5 15 1 6 7 1 6 8 1 7 16 1 7 17 1 7 18 1 8 9 1 8 19 1 9 10 1 10 20 1 10 21 1 
# 40 1 26 28
15 22 22 22 22 22 22 22 22 15 22 22 22 22 18 22 22 20 20 20 20 20 20 20 20 20
1 2 1 2 3 1 2 17 1 3 4 1 3 8 1 4 5 1 4 18 1 5 6 1 5 19 1 6 7 1 6 20 1 7 8 1 7 21 1 8 9 1 9 10 1 9 11 1 11 12 1 11 17 1 12 13 1 12 22 1 13 14 1 13 23 1 14 15 1 14 16 1 15 24 1 15 25 1 16 17 1 16 26 1 
# 41 1 20 19
22 14 18 22 22 18 22 22 20 20 20 20 20 20 20 20 20 20 20 20
1 2 1 1 3 1 1 6 1 3 4 1 3 9 1 4 5 1 4 10 1 4 11 1 5 12 1 5 13 1 5 14 1 6 7 1 6 15 1 7 8 1 7 16 1 7 17 1 8 18 1 8 19 1 8 20 1 
# 42 1 17 17
22 22 22 22 22 22 22 18 20 20 20 20 20 20 20 20 20
1 2 1 1 7 1 1 9 1 2 3 1 2 10 1 3 4 1 3 11 1 4 5 1 4 12 1 5 6 1 5 7 1 6 13 1 6 14 1 6 15 1 7 8 1 8 16 1 8 17 1 
# 43 1 24 25
18 18 22 22 22 22 22 22 22 22 22 22 22 22 20 20 20 20 20 20 20 20 20 20
1 2 1 1 9 1 2 3 1 3 4 1 3 8 1 4 5 1 4 15 1 5 6 1 5 16 1 6 7 1 6 17 1 7 8 1 7 18 1 8 19 1 9 10 1 9 14 1 10 11 1 10 20 1 11 12 1 11 21 1 12 13 1 12 22 1 13 14 1 13 23 1 14 24 1 
# 44 1 13 13
22 22 5 22 22 5 22 15 22 5 20 20 20
1 2 1 1 9 1 1 11 1 2 3 1 2 4 1 4 5 1 4 12 1 5 6 1 5 7 1 7 8 1 7 9 1 8 13 1 9 10 1 
# 45 1 23 23
22 22 18 22 22 22 22 22 22 22 20 20 20 20 20 20 20 20 20 20 20 20 20
1 2 1 1 9 1 1 11 1 2 3 1 2 4 1 3 12 1 3 13 1 4 5 1 4 6 1 5 14 1 5 15 1 5 16 1 6 7 1 6 17 1 7 8 1 7 9 1 8 18 1 8 19 1 8 20 1 9 10 1 10 21 1 10 22 1 10 23 1 
# 46 1 19 19
22 22 22 22 22 18 22 22 18 20 20 20 20 20 20 20 20 20 20
1 2 1 1 8 1 1 10 1 2 3 1 2 11 1 3 4 1 3 5 1 4 12 1 4 13 1 4 14 1 5 6 1 5 7 1 6 15 1 6 16 1 7 8 1 7 17 1 8 9 1 9 18 1 9 19 1 
# 47 1 25 26
18 18 15 22 22 22 22 22 22 22 22 22 22 22 22 20 20 20 20 20 20 20 20 20 20
1 2 1 1 4 1 1 10 1 2 3 1 4 5 1 4 9 1 5 6 1 5 16 1 6 7 1 6 17 1 7 8 1 7 18 1 8 9 1 8 19 1 9 20 1 10 11 1 10 15 1 11 12 1 11 21 1 12 13 1 12 22 1 13 14 1 13 23 1 14 15 1 14 24 1 15 25 1 
# 48 1 40 41
22 15 22 22 22 22 22 22 18 22 22 22 22 22 22 22 22 18 22 22 20 20 20 20 20 20 20 20 20 20 20 20 20 20 20 20 20 20 20 20
1 2 1 1 3 1 1 12 1 3 4 1 3 8 1 4 5 1 4 21 1 5 6 1 5 22 1 6 7 1 6 9 1 7 8 1 7 23 1 8 24 1 9 10 1 9 11 1 10 25 1 10 26 1 10 27 1 11 28 1 11 29 1 11 30 1 12 13 1 12 17 1 13 14 1 13 31 1 14 15 1 14 32 1 15 16 1 15 18 1 16 17 1 16 33 1 17 34 1 18 19 1 18 20 1 19 35 1 19 36 1 19 37 1 20 38 1 20 39 1 20 40 1 
# 49 1 41 42
22 22 22 22 22 22 22 18 22 22 22 22 22 22 22 22 18 22 22 20 20 20 20 20 20 20 20 20 20 20 20 20 20 20 20 20 20 20 20 20 20
1 2 1 1 11 1 1 20 1 1 21 1 2 3 1 2 7 1 3 4 1 3 22 1 4 5 1 4 23 1 5 6 1 5 8 1 6 7 1 6 24 1 7 25 1 8 9 1 8 10 1 9 26 1 9 27 1 9 28 1 10 29 1 10 30 1 10 31 1 11 12 1 11 16 1 12 13 1 12 32 1 13 14 1 13 33 1 14 15 1 14 17 1 15 16 1 15 34 1 16 35 1 17 18 1 17 19 1 18 36 1 18 37 1 18 38 1 19 39 1 19 40 1 19 41 1 
# 50 1 25 26
18 22 22 22 22 22 22 22 22 22 22 18 15 22 22 20 20 20 20 20 20 20 20 20 20
1 2 1 1 8 1 1 16 1 2 3 1 2 7 1 3 4 1 3 17 1 4 5 1 4 18 1 5 6 1 5 19 1 6 7 1 6 20 1 7 21 1 8 9 1 8 15 1 9 10 1 9 22 1 10 11 1 10 23 1 11 12 1 11 14 1 12 13 1 14 15 1 14 24 1 15 25 1 
# 51 1 84 89
22 22 22 15 22 22 22 22 22 22 18 22 22 22 22 22 18 22 22 22 22 15 22 15 22 22 22 15 22 22 15 22 22 15 22 22 22 15 22 22 22 15 15 22 20 20 20 20 20 20 20 20 20 20 20 20 20 20 20 20 20 20 20 20 20 20 20 20 20 20 20 20 20 20 20 20 20 20 20 20 20 20 20 20
1 2 1 1 8 1 1 11 1 2 3 1 2 45 1 3 4 1 3 6 1 4 5 1 5 46 1 5 47 1 5 48 1 6 7 1 6 49 1 7 8 1 7 50 1 8 9 1 9 10 1 9 19 1 10 11 1 10 12 1 11 51 1 12 13 1 12 17 1 12 52 1 13 14 1 13 53 1 13 54 1 14 15 1 14 40 1 14 55 1 15 16 1 15 20 1 15 56 1 16 17 1 16 57 1 16 58 1 17 18 1 18 19 1 18 59 1 18 60 1 19 61 1 19 62 1 20 21 1 20 63 1 20 64 1 21 22 1 21 37 1 21 65 1 22 23 1 23 24 1 23 25 1 25 26 1 25 36 1 26 27 1 26 66 1 27 28 1 27 30 1 28 29 1 29 67 1 29 68 1 29 69 1 30 31 1 30 33 1 31 32 1 32 70 1 32 71 1 32 72 1 33 34 1 33 36 1 34 35 1 35 73 1 35 74 1 35 75 1 36 76 1 37 38 1 37 40 1 37 77 1 38 39 1 39 78 1 39 79 1 39 80 1 40 41 1 40 81 1 41 42 1 41 43 1 43 44 1 44 82 1 44 83 1 44 84 1 
# 52 1 34 35
22 22 22 22 22 22 22 22 22 15 22 15 22 22 22 22 22 22 18 20 20 20 20 20 20 20 20 20 20 20 20 20 20 20
1 2 1 1 6 1 1 20 1 2 3 1 2 21 1 3 4 1 3 22 1 4 5 1 4 23 1 5 6 1 5 7 1 6 24 1 7 8 1 7 25 1 8 9 1 8 26 1 9 10 1 9 27 1 9 28 1 10 11 1 11 12 1 11 13 1 13 14 1 13 18 1 14 15 1 14 29 1 15 16 1 15 30 1 16 17 1 16 31 1 17 18 1 17 32 1 18 19 1 19 33 1 19 34 1 
# 53 1 27 28
15 22 22 22 22 18 22 22 22 22 22 22 18 22 22 20 20 20 20 20 20 20 20 20 20 20 20
1 2 1 1 9 1 2 3 1 2 8 1 3 4 1 3 16 1 4 5 1 4 17 1 5 6 1 5 7 1 6 18 1 6 19 1 7 8 1 7 20 1 8 21 1 9 10 1 9 15 1 10 11 1 10 22 1 11 12 1 11 23 1 12 13 1 12 14 1 13 24 1 13 25 1 14 15 1 14 26 1 15 27 1 
# 54 1 11 10
22 3 22 3 22 5 20 20 20 20 20
1 2 1 1 3 1 1 5 1 1 7 1 3 4 1 3 8 1 3 9 1 5 6 1 5 10 1 5 11 1 
# 55 1 25 25
15 22 15 8 22 22 3 22 15 22 22 22 22 15 22 22 22 20 20 20 20 20 20 20 20
1 2 1 2 3 1 2 5 1 3 4 1 5 6 1 5 18 1 6 7 1 6 8 1 8 9 1 8 10 1 10 11 1 10 17 1 11 12 1 11 19 1 12 13 1 12 20 1 13 14 1 13 16 1 14 15 1 15 21 1 15 22 1 15 23 1 16 17 1 16 24 1 17 25 1 
# 56 1 22 24
22 22 22 5 22 5 22 22 15 22 22 22 5 22 5 22 22 15 20 20 20 20
1 2 1 1 8 1 1 18 1 2 3 1 2 19 1 3 4 1 3 5 1 5 6 1 5 7 1 7 8 1 7 20 1 8 9 1 9 10 1 10 11 1 10 17 1 11 12 1 11 21 1 12 13 1 12 14 1 14 15 1 14 16 1 16 17 1 16 22 1 17 18 1 
# 57 1 8 7
22 3 22 3 20 20 20 20
1 2 1 1 3 1 1 5 1 1 6 1 3 4 1 3 7 1 3 8 1 
# 58 1 37 36
22 22 22 22 22 22 22 22 18 22 22 22 15 15 20 20 20 20 20 20 20 20 20 20 20 20 20 20 20 20 20 20 20 20 20 20 20
1 2 1 1 10 1 1 15 1 1 16 1 2 3 1 2 17 1 2 18 1 3 4 1 3 19 1 3 20 1 4 5 1 4 21 1 4 22 1 5 6 1 5 23 1 5 24 1 6 7 1 6 25 1 6 26 1 7 8 1 7 27 1 7 28 1 8 9 1 8 29 1 8 30 1 9 31 1 9 32 1 10 11 1 10 33 1 10 34 1 11 12 1 11 35 1 11 36 1 12 13 1 12 14 1 14 37 1 
# 59 1 66 66
22 22 22 22 22 15 15 22 22 22 22 22 22 22 22 22 22 22 15 15 22 22 22 22 22 22 22 22 20 20 20 20 20 20 20 20 20 20 20 20 20 20 20 20 20 20 20 20 20 20 20 20 20 20 20 20 20 20 20 20 20 20 20 20 20 20
1 2 1 1 17 1 1 29 1 2 3 1 2 30 1 3 4 1 3 31 1 4 5 1 4 16 1 5 6 1 5 7 1 7 8 1 8 9 1 8 32 1 8 33 1 9 10 1 9 12 1 9 34 1 10 11 1 10 35 1 10 36 1 11 37 1 11 38 1 11 39 1 12 13 1 12 40 1 12 41 1 13 14 1 13 42 1 13 43 1 14 15 1 14 44 1 14 45 1 15 46 1 15 47 1 15 48 1 16 17 1 16 18 1 17 49 1 18 19 1 18 20 1 20 21 1 21 22 1 21 50 1 21 51 1 22 23 1 22 25 1 22 52 1 23 24 1 23 53 1 23 54 1 24 55 1 24 56 1 24 57 1 25 26 1 25 58 1 25 59 1 26 27 1 26 60 1 26 61 1 27 28 1 27 62 1 27 63 1 28 64 1 28 65 1 28 66 1 
# 60 1 35 36
22 22 22 22 22 22 18 22 22 15 18 18 22 22 22 22 22 22 22 15 20 20 20 20 20 20 20 20 20 20 20 20 20 20 20
1 2 1 1 6 1 1 21 1 2 3 1 2 22 1 3 4 1 3 11 1 4 5 1 4 23 1 5 6 1 5 24 1 6 7 1 7 8 1 7 25 1 8 9 1 8 10 1 9 26 1 9 27 1 9 28 1 11 12 1 12 13 1 13 14 1 13 19 1 14 15 1 14 29 1 15 16 1 15 17 1 16 30 1 16 31 1 16 32 1 17 18 1 17 33 1 18 19 1 18 34 1 19 20 1 20 35 1 
# 61 1 75 80
22 22 22 22 22 22 22 22 22 22 15 18 18 22 22 22 22 22 5 22 22 14 15 15 15 2 15 14 15 15 22 22 22 5 22 22 22 22 18 18 22 22 15 22 22 22 22 22 22 22 22 20 20 20 20 20 20 20 20 20 20 20 20 20 20 20 20 20 20 20 20 20 20 20 20
1 2 1 1 10 1 1 52 1 2 3 1 2 53 1 3 4 1 3 8 1 4 5 1 4 54 1 5 6 1 5 55 1 6 7 1 6 56 1 7 8 1 7 57 1 8 9 1 9 10 1 9 12 1 10 11 1 11 58 1 12 13 1 13 14 1 14 15 1 14 21 1 15 16 1 15 59 1 16 17 1 16 18 1 17 60 1 17 61 1 17 62 1 18 19 1 18 20 1 20 21 1 20 63 1 21 22 1 22 23 1 22 24 1 22 25 1 25 26 1 26 27 1 27 28 1 28 29 1 28 30 1 28 31 1 31 32 1 31 38 1 32 33 1 32 64 1 33 34 1 33 35 1 35 36 1 35 37 1 36 65 1 36 66 1 36 67 1 37 38 1 37 68 1 38 39 1 39 40 1 40 41 1 41 42 1 41 51 1 42 43 1 42 44 1 43 69 1 44 45 1 44 70 1 45 46 1 45 71 1 46 47 1 46 51 1 47 48 1 47 72 1 48 49 1 48 73 1 49 50 1 49 74 1 50 51 1 50 75 1 
# 62 1 31 33
18 18 22 22 22 22 22 22 22 22 15 22 22 22 22 22 22 22 22 20 20 20 20 20 20 20 20 20 20 20 20
1 2 1 1 9 1 2 3 1 3 4 1 3 8 1 4 5 1 4 20 1 5 6 1 5 21 1 6 7 1 6 22 1 7 8 1 7 23 1 8 24 1 9 10 1 9 19 1 10 11 1 10 12 1 11 25 1 12 13 1 12 26 1 13 14 1 13 27 1 14 15 1 14 19 1 15 16 1 15 28 1 16 17 1 16 29 1 17 18 1 17 30 1 18 19 1 18 31 1 
# 63 1 11 10
22 22 22 18 22 14 20 20 20 20 20
1 2 1 1 7 1 1 8 1 2 3 1 2 9 1 3 4 1 3 10 1 3 11 1 4 5 1 5 6 1 
# 64 1 25 24
18 22 22 22 14 14 12 14 22 14 18 22 22 20 20 20 20 20 20 20 20 20 20 20 20
1 2 1 1 3 1 1 4 1 2 14 1 2 15 1 2 16 1 3 17 1 3 18 1 3 19 1 4 5 1 4 6 1 6 7 1 7 8 1 8 9 1 9 10 1 9 11 1 11 12 1 11 13 1 12 20 1 12 21 1 12 22 1 13 23 1 13 24 1 13 25 1 
# 65 1 15 15
18 22 18 22 18 18 22 18 18 20 20 20 20 20 20
1 2 1 1 10 1 1 11 1 2 3 1 2 9 1 3 4 1 4 5 1 4 6 1 5 12 1 5 13 1 6 7 1 7 8 1 7 9 1 8 14 1 8 15 1 
# 66 1 29 30
22 22 22 22 22 18 22 22 22 22 22 22 18 22 22 20 20 20 20 20 20 20 20 20 20 20 20 20 20
1 2 1 1 9 1 1 16 1 1 17 1 2 3 1 2 8 1 3 4 1 3 18 1 4 5 1 4 19 1 5 6 1 5 7 1 6 20 1 6 21 1 7 8 1 7 22 1 8 23 1 9 10 1 9 15 1 10 11 1 10 24 1 11 12 1 11 25 1 12 13 1 12 14 1 13 26 1 13 27 1 14 15 1 14 28 1 15 29 1 
# 67 1 24 23
22 22 22 22 22 15 15 22 22 22 20 20 20 20 20 20 20 20 20 20 20 20 20 20
1 2 1 1 11 1 1 12 1 1 13 1 2 3 1 2 4 1 2 14 1 3 15 1 3 16 1 3 17 1 4 5 1 4 18 1 4 19 1 5 6 1 5 7 1 7 8 1 8 9 1 8 20 1 8 21 1 9 10 1 9 22 1 10 23 1 10 24 1 
# 68 1 30 32
15 22 22 22 15 22 22 22 22 22 22 15 22 22 22 15 20 20 20 20 20 20 20 20 20 20 20 20 20 20
1 2 1 1 6 1 2 3 1 2 17 1 2 18 1 3 4 1 3 5 1 3 19 1 4 5 1 4 20 1 4 21 1 6 7 1 6 11 1 7 8 1 7 22 1 8 9 1 8 23 1 9 10 1 9 24 1 10 11 1 10 12 1 11 25 1 12 13 1 13 14 1 13 26 1 13 27 1 14 15 1 14 16 1 14 28 1 15 16 1 15 29 1 15 30 1 
# 69 1 15 14
22 15 22 22 15 22 22 20 20 20 20 20 20 20 20
1 2 1 1 3 1 1 5 1 3 4 1 3 8 1 4 9 1 4 10 1 5 6 1 6 7 1 6 11 1 6 12 1 7 13 1 7 14 1 7 15 1 
# 70 1 24 24
18 22 15 18 22 22 22 22 22 22 5 22 22 20 20 20 20 20 20 20 20 20 20 20
1 2 1 1 7 1 1 14 1 2 3 1 2 4 1 4 5 1 4 6 1 5 15 1 5 16 1 5 17 1 6 18 1 6 19 1 6 20 1 7 8 1 7 13 1 8 9 1 8 21 1 9 10 1 9 22 1 10 11 1 10 12 1 12 13 1 12 23 1 13 24 1 
# 71 1 10 10
22 22 22 15 20 20 20 20 20 20
1 2 1 1 5 1 1 6 1 1 7 1 2 3 1 2 4 1 2 8 1 3 4 1 3 9 1 3 10 1 
# 72 1 9 8
22 22 5 22 5 20 20 20 20
1 2 1 1 4 1 1 6 1 2 3 1 2 7 1 2 8 1 4 5 1 4 9 1 
# 73 1 20 20
18 22 22 22 22 22 22 22 22 20 20 20 20 20 20 20 20 20 20 20
1 2 1 1 10 1 1 11 1 2 3 1 2 8 1 3 4 1 3 5 1 4 12 1 4 13 1 4 14 1 5 6 1 5 15 1 6 7 1 6 16 1 7 8 1 7 17 1 8 9 1 9 18 1 9 19 1 9 20 1 
# 74 1 39 41
22 22 22 22 22 18 22 22 22 22 22 22 18 22 22 22 22 22 22 18 22 22 20 20 20 20 20 20 20 20 20 20 20 20 20 20 20 20 20
1 2 1 1 9 1 1 16 1 2 3 1 2 8 1 3 4 1 3 23 1 4 5 1 4 24 1 5 6 1 5 7 1 6 25 1 7 8 1 7 26 1 8 27 1 9 10 1 9 15 1 10 11 1 10 28 1 11 12 1 11 29 1 12 13 1 12 14 1 13 30 1 13 31 1 14 15 1 14 32 1 15 33 1 16 17 1 16 22 1 17 18 1 17 34 1 18 19 1 18 35 1 19 20 1 19 21 1 20 36 1 20 37 1 21 22 1 21 38 1 22 39 1 
# 75 1 13 12
15 16 20 15 22 15 22 20 20 20 20 20 20
1 2 1 2 3 1 2 4 1 2 6 1 4 5 1 5 8 1 5 9 1 5 10 1 6 7 1 7 11 1 7 12 1 7 13 1 
# 76 1 12 12
22 22 22 22 22 22 20 20 20 20 20 20
1 2 1 1 6 1 1 7 1 2 3 1 2 8 1 3 4 1 3 9 1 4 5 1 4 10 1 5 6 1 5 11 1 6 12 1 
# 77 1 24 24
22 22 22 22 22 22 22 22 15 22 20 20 20 20 20 20 20 20 20 20 20 20 20 20
1 2 1 1 11 1 1 12 1 1 13 1 2 3 1 2 4 1 2 10 1 3 14 1 3 15 1 3 16 1 4 5 1 4 17 1 4 18 1 5 6 1 5 7 1 6 19 1 6 20 1 6 21 1 7 8 1 7 22 1 8 9 1 8 10 1 10 23 1 10 24 1 
# 78 1 26 26
16 15 15 22 15 22 18 22 22 15 22 22 20 20 20 20 20 20 20 20 20 20 20 20 20 20
1 2 1 1 3 1 1 5 1 1 7 1 3 4 1 4 13 1 4 14 1 4 15 1 5 6 1 6 16 1 6 17 1 6 18 1 7 8 1 7 12 1 8 9 1 8 19 1 8 20 1 9 10 1 9 21 1 9 22 1 10 11 1 11 12 1 11 23 1 11 24 1 12 25 1 12 26 1 
# 79 1 32 34
15 22 22 22 18 22 22 22 18 22 22 15 22 22 18 22 22 22 18 22 20 20 20 20 20 20 20 20 20 20 20 20
1 2 1 2 3 1 2 20 1 3 4 1 3 10 1 4 5 1 4 6 1 5 21 1 5 22 1 6 7 1 6 23 1 7 8 1 7 24 1 8 9 1 8 10 1 9 25 1 9 26 1 10 11 1 11 12 1 11 13 1 13 14 1 13 20 1 14 15 1 14 16 1 15 27 1 15 28 1 16 17 1 16 29 1 17 18 1 17 30 1 18 19 1 18 20 1 19 31 1 19 32 1 
# 80 1 12 11
22 22 22 22 5 20 20 20 20 20 20 20
1 2 1 1 3 1 1 4 1 2 6 1 2 7 1 2 8 1 3 9 1 3 10 1 4 5 1 4 11 1 4 12 1 
# 81 1 23 24
5 22 22 5 22 5 22 5 22 22 15 15 22 22 15 15 22 5 5 20 20 20 20
1 2 1 2 3 1 2 13 1 2 17 1 3 4 1 3 5 1 5 6 1 5 7 1 7 8 1 7 9 1 7 17 1 9 10 1 9 13 1 9 20 1 10 11 1 10 12 1 12 21 1 13 14 1 13 22 1 14 15 1 14 16 1 16 23 1 17 18 1 17 19 1 
# 82 1 5 4
22 5 5 20 20
1 2 1 1 3 1 1 4 1 1 5 1 
# 83 1 38 37
22 5 22 22 5 22 22 5 22 22 22 5 22 22 5 22 22 20 20 20 20 20 20 20 20 20 20 20 20 20 20 20 20 20 20 20 20 20
1 2 1 1 3 1 1 18 1 1 19 1 3 4 1 3 20 1 3 21 1 4 5 1 4 6 1 4 22 1 6 7 1 6 23 1 6 24 1 7 8 1 7 9 1 7 25 1 9 10 1 9 26 1 9 27 1 10 11 1 10 28 1 10 29 1 11 12 1 11 13 1 11 30 1 13 14 1 13 31 1 13 32 1 14 15 1 14 16 1 14 33 1 16 17 1 16 34 1 16 35 1 17 36 1 17 37 1 17 38 1 
# 84 1 23 24
15 22 22 3 22 3 22 3 22 3 22 3 22 22 3 22 3 22 3 22 3 22 3
1 2 1 1 13 1 2 3 1 2 11 1 3 4 1 3 5 1 5 6 1 5 7 1 7 8 1 7 9 1 9 10 1 9 11 1 11 12 1 13 14 1 13 22 1 14 15 1 14 16 1 16 17 1 16 18 1 18 19 1 18 20 1 20 21 1 20 22 1 22 23 1 
# 85 1 6 5
22 5 5 22 5 5
1 2 1 1 3 1 1 4 1 4 5 1 4 6 1 
# 86 1 22 26
22 5 22 5 22 5 5 22 5 22 5 22 5 22 5 5 22 5 22 5 22 5
1 2 1 1 3 1 1 10 1 1 17 1 3 4 1 3 5 1 3 19 1 5 6 1 5 7 1 5 8 1 8 9 1 8 10 1 8 21 1 10 11 1 10 12 1 12 13 1 12 14 1 12 21 1 14 15 1 14 16 1 14 17 1 17 18 1 17 19 1 19 20 1 19 21 1 21 22 1 
# 87 1 12 11
22 5 22 22 22 20 20 20 20 20 20 20
1 2 1 1 3 1 1 6 1 3 4 1 3 5 1 4 7 1 4 8 1 4 9 1 5 10 1 5 11 1 5 12 1 
# 88 1 12 12
22 22 22 5 22 22 22 5 20 20 20 20
1 2 1 1 7 1 1 9 1 2 3 1 2 10 1 3 4 1 3 5 1 5 6 1 5 11 1 6 7 1 6 12 1 7 8 1 
# 89 1 5 4
22 3 5 5 20
1 2 1 1 3 1 1 4 1 1 5 1 
# 90 1 16 15
16 22 15 15 22 15 22 20 20 20 20 20 20 20 20 20
1 2 1 1 3 1 1 4 1 1 6 1 2 8 1 2 9 1 2 10 1 4 5 1 5 11 1 5 12 1 5 13 1 6 7 1 7 14 1 7 15 1 7 16 1 
# 91 1 10 9
22 18 15 15 22 20 20 20 20 20
1 2 1 1 3 1 1 4 1 2 6 1 2 7 1 4 5 1 5 8 1 5 9 1 5 10 1 
# 92 1 13 13
22 22 22 22 15 20 20 20 20 20 20 20 20
1 2 1 1 3 1 1 6 1 1 7 1 2 8 1 2 9 1 2 10 1 3 4 1 3 5 1 3 11 1 4 5 1 4 12 1 4 13 1 
# 93 1 9 8
22 15 8 22 22 15 20 20 20
1 2 1 1 4 1 1 7 1 2 3 1 4 5 1 4 8 1 5 6 1 5 9 1 
# 94 1 15 16
14 22 18 22 22 22 22 22 22 14 20 20 20 20 20
1 2 1 1 11 1 2 3 1 2 10 1 3 4 1 4 5 1 4 9 1 5 6 1 5 12 1 6 7 1 6 13 1 7 8 1 7 14 1 8 9 1 8 15 1 9 10 1 
# 95 1 17 17
15 18 15 22 22 22 22 18 22 15 22 20 20 20 20 20 20
1 2 1 2 3 1 2 4 1 4 5 1 4 11 1 5 6 1 5 12 1 6 7 1 6 13 1 7 8 1 7 9 1 8 14 1 8 15 1 9 10 1 9 11 1 10 16 1 11 17 1 
# 96 1 17 17
15 18 15 22 22 22 22 15 22 18 22 20 20 20 20 20 20
1 2 1 2 3 1 2 4 1 4 5 1 4 11 1 5 6 1 5 12 1 6 7 1 6 13 1 7 8 1 7 9 1 8 14 1 9 10 1 9 11 1 10 15 1 10 16 1 11 17 1 
# 97 1 23 24
18 22 22 22 22 22 15 18 15 15 18 22 22 15 18 22 15 20 20 20 20 20 20
1 2 1 1 11 1 2 3 1 2 18 1 3 4 1 3 7 1 4 5 1 4 19 1 5 6 1 5 20 1 6 7 1 6 8 1 8 9 1 8 10 1 11 12 1 11 16 1 12 13 1 12 21 1 12 22 1 13 14 1 13 15 1 15 16 1 15 23 1 16 17 1 
# 98 1 18 17
16 15 15 22 15 22 15 22 22 5 5 20 20 20 20 20 20 20
1 2 1 1 3 1 1 5 1 1 7 1 3 4 1 4 12 1 4 13 1 4 14 1 5 6 1 6 15 1 6 16 1 6 17 1 7 8 1 8 9 1 8 18 1 9 10 1 9 11 1 
# 99 1 26 26
22 22 22 22 22 22 22 22 22 22 20 20 20 20 20 20 20 20 20 20 20 20 20 20 20 20
1 2 1 1 3 1 1 7 1 2 11 1 2 12 1 2 13 1 3 4 1 3 14 1 4 5 1 4 15 1 4 16 1 5 6 1 5 8 1 5 17 1 6 7 1 6 18 1 6 19 1 7 20 1 7 21 1 8 9 1 8 10 1 9 22 1 9 23 1 10 24 1 10 25 1 10 26 1 
# 100 1 5 4
22 3 3 3 20
1 2 1 1 3 1 1 4 1 1 5 1 
# 101 1 14 14
22 22 22 5 22 22 22 18 20 20 20 20 20 20
1 2 1 1 7 1 1 9 1 2 3 1 2 10 1 3 4 1 3 5 1 5 6 1 5 11 1 6 7 1 6 12 1 7 8 1 8 13 1 8 14 1 
# 102 1 46 48
5 22 22 22 22 15 18 22 22 22 22 22 22 22 22 22 15 15 22 15 22 22 15 15 22 22 22 22 20 20 20 20 20 20 20 20 20 20 20 20 20 20 20 20 20 20
1 2 1 2 3 1 2 28 1 3 4 1 3 29 1 4 5 1 4 19 1 5 6 1 5 7 1 7 8 1 7 30 1 8 9 1 8 16 1 8 31 1 9 10 1 9 32 1 9 33 1 10 11 1 10 15 1 11 12 1 11 34 1 12 13 1 12 35 1 13 14 1 13 36 1 14 15 1 14 37 1 15 38 1 16 17 1 16 18 1 18 39 1 19 20 1 19 21 1 20 40 1 21 22 1 21 28 1 22 23 1 22 24 1 24 25 1 25 26 1 25 27 1 25 41 1 26 42 1 26 43 1 26 44 1 27 28 1 27 45 1 27 46 1 
# 103 1 24 26
15 22 22 22 15 22 22 22 22 22 22 22 22 15 15 22 20 20 20 20 20 20 20 20
1 2 1 1 3 1 2 17 1 2 18 1 2 19 1 3 4 1 3 16 1 4 5 1 4 8 1 5 6 1 6 7 1 6 20 1 7 8 1 7 21 1 8 9 1 9 10 1 9 22 1 10 11 1 10 16 1 11 12 1 11 23 1 12 13 1 12 24 1 13 14 1 13 15 1 15 16 1 
# 104 1 20 20
22 22 22 22 22 22 18 22 22 20 20 20 20 20 20 20 20 20 20 20
1 2 1 1 6 1 1 10 1 2 3 1 2 11 1 3 4 1 3 12 1 4 5 1 4 13 1 5 6 1 5 14 1 6 7 1 7 8 1 7 9 1 8 15 1 8 16 1 8 17 1 9 18 1 9 19 1 9 20 1 
# 105 1 8 7
22 5 5 5 22 5 5 5
1 2 1 1 3 1 1 4 1 1 5 1 5 6 1 5 7 1 5 8 1 
# 106 1 22 24
22 15 22 22 22 22 22 22 22 15 20 20 20 20 20 20 20 20 20 20 20 20
1 2 1 1 3 1 1 7 1 1 11 1 2 3 1 3 4 1 3 12 1 4 5 1 4 13 1 4 14 1 5 6 1 5 15 1 5 16 1 6 7 1 6 8 1 6 17 1 7 18 1 7 19 1 8 9 1 8 10 1 8 20 1 9 10 1 9 21 1 9 22 1 
# 107 1 8 7
22 22 3 20 20 20 20 20
1 2 1 1 4 1 1 5 1 1 6 1 2 3 1 2 7 1 2 8 1 
# 108 1 14 14
22 22 22 15 22 22 22 15 20 20 20 20 20 20
1 2 1 1 7 1 1 9 1 2 3 1 2 10 1 3 4 1 3 5 1 4 11 1 5 6 1 5 12 1 6 7 1 6 13 1 7 8 1 8 14 1 
# 109 1 29 30
22 22 18 22 22 22 15 15 22 15 22 22 22 22 22 18 22 20 20 20 20 20 20 20 20 20 20 20 20
1 2 1 1 3 1 1 18 1 1 19 1 2 20 1 2 21 1 2 22 1 3 4 1 3 17 1 4 5 1 4 23 1 5 6 1 5 9 1 6 7 1 6 8 1 8 24 1 9 10 1 9 11 1 11 12 1 11 17 1 12 13 1 12 25 1 13 14 1 13 26 1 14 15 1 14 16 1 15 27 1 15 28 1 15 29 1 16 17 1 
# 110 1 19 19
22 22 15 22 22 22 22 22 22 20 20 20 20 20 20 20 20 20 20
1 2 1 1 3 1 1 4 1 1 10 1 2 11 1 2 12 1 2 13 1 3 14 1 4 5 1 4 9 1 5 6 1 5 15 1 6 7 1 6 16 1 7 8 1 7 17 1 8 9 1 8 18 1 9 19 1 
# 111 1 34 35
22 22 22 22 18 22 22 15 22 22 22 22 22 18 22 15 22 22 20 20 20 20 20 20 20 20 20 20 20 20 20 20 20 20
1 2 1 1 7 1 1 10 1 2 3 1 2 19 1 3 4 1 3 20 1 4 5 1 4 6 1 5 21 1 5 22 1 6 7 1 6 8 1 7 23 1 8 9 1 9 24 1 9 25 1 9 26 1 10 11 1 10 18 1 11 12 1 11 27 1 12 13 1 12 28 1 13 14 1 13 15 1 14 29 1 14 30 1 15 16 1 15 18 1 16 17 1 17 31 1 17 32 1 17 33 1 18 34 1 
# 112 1 11 11
22 15 22 22 15 20 20 20 20 20 20
1 2 1 1 3 1 1 6 1 1 7 1 2 8 1 3 4 1 3 5 1 3 9 1 4 5 1 4 10 1 4 11 1 
# 113 1 11 11
22 22 22 22 15 22 15 20 20 20 20
1 2 1 1 5 1 1 8 1 2 3 1 2 9 1 3 4 1 3 10 1 4 5 1 4 6 1 6 7 1 6 11 1 
# 114 1 26 28
15 22 22 22 22 22 22 22 22 15 22 22 3 22 22 3 22 18 22 20 20 20 20 20 20 20
1 2 1 2 3 1 2 19 1 3 4 1 3 8 1 4 5 1 4 20 1 5 6 1 5 21 1 6 7 1 6 22 1 7 8 1 7 23 1 8 9 1 9 10 1 9 11 1 11 12 1 11 19 1 12 13 1 12 14 1 14 15 1 14 24 1 15 16 1 15 17 1 17 18 1 17 19 1 18 25 1 18 26 1 
# 115 1 11 10
22 5 22 5 22 5 20 20 20 20 20
1 2 1 1 3 1 1 5 1 1 7 1 3 4 1 3 8 1 3 9 1 5 6 1 5 10 1 5 11 1 
# 116 1 13 12
22 18 15 15 18 15 15 18 15 15 18 15 15
1 2 1 1 5 1 1 8 1 1 11 1 2 3 1 2 4 1 5 6 1 5 7 1 8 9 1 8 10 1 11 12 1 11 13 1 
# 117 1 12 12
22 22 18 22 18 14 20 20 20 20 20 20
1 2 1 1 5 1 1 7 1 1 8 1 2 3 1 2 9 1 2 10 1 3 4 1 3 11 1 4 5 1 4 6 1 5 12 1 
# 118 1 32 33
22 22 22 22 18 22 22 22 22 22 22 22 18 22 22 22 20 20 20 20 20 20 20 20 20 20 20 20 20 20 20 20
1 2 1 1 7 1 1 9 1 2 3 1 2 17 1 3 4 1 3 18 1 4 5 1 4 6 1 5 19 1 5 20 1 6 7 1 6 8 1 7 21 1 8 22 1 8 23 1 8 24 1 9 10 1 9 16 1 10 11 1 10 25 1 11 12 1 11 26 1 12 13 1 12 14 1 13 27 1 13 28 1 14 15 1 14 16 1 15 29 1 15 30 1 15 31 1 16 32 1 
# 119 1 26 25
16 15 15 22 22 5 15 22 22 5 15 22 22 5 20 20 20 20 20 20 20 20 20 20 20 20
1 2 1 1 3 1 1 7 1 1 11 1 3 4 1 4 5 1 4 15 1 4 16 1 5 6 1 5 17 1 5 18 1 7 8 1 8 9 1 8 19 1 8 20 1 9 10 1 9 21 1 9 22 1 11 12 1 12 13 1 12 23 1 12 24 1 13 14 1 13 25 1 13 26 1 
# 120 1 88 93
15 22 22 18 18 22 22 22 22 22 22 15 22 22 22 22 22 18 18 22 22 15 22 22 18 22 22 22 22 22 22 14 15 15 15 8 14 15 15 15 8 22 15 22 22 22 22 22 22 22 22 22 18 22 14 15 15 15 8 14 15 15 15 8 20 20 20 20 20 20 20 20 20 20 20 20 20 20 20 20 20 20 20 20 20 20 20 20
1 2 1 1 65 1 2 3 1 2 54 1 3 4 1 3 46 1 4 5 1 5 6 1 6 7 1 6 11 1 7 8 1 7 66 1 8 9 1 8 67 1 9 10 1 9 14 1 10 11 1 10 68 1 11 12 1 12 13 1 13 69 1 13 70 1 13 71 1 14 15 1 14 45 1 15 16 1 15 72 1 16 17 1 16 73 1 17 18 1 17 42 1 18 19 1 19 20 1 20 21 1 20 31 1 21 22 1 21 23 1 22 74 1 23 24 1 23 29 1 24 25 1 24 26 1 25 75 1 25 76 1 26 27 1 26 77 1 27 28 1 27 37 1 28 29 1 28 78 1 29 30 1 30 31 1 30 79 1 31 32 1 32 33 1 32 34 1 32 35 1 35 36 1 37 38 1 37 39 1 37 40 1 40 41 1 42 43 1 42 45 1 43 44 1 44 80 1 44 81 1 44 82 1 45 83 1 46 47 1 46 60 1 47 48 1 47 84 1 48 49 1 48 54 1 49 50 1 49 85 1 50 51 1 50 55 1 51 52 1 51 86 1 52 53 1 52 54 1 53 87 1 53 88 1 55 56 1 55 57 1 55 58 1 58 59 1 60 61 1 60 62 1 60 63 1 63 64 1 
# 121 1 22 23
22 22 22 3 22 22 3 22 3 22 22 22 3 22 22 3 22 3 20 20 20 20
1 2 1 1 8 1 1 10 1 2 3 1 2 19 1 3 4 1 3 5 1 5 6 1 5 20 1 6 7 1 6 8 1 8 9 1 10 11 1 10 17 1 11 12 1 11 21 1 12 13 1 12 14 1 14 15 1 14 22 1 15 16 1 15 17 1 17 18 1 
# 122 1 12 11
22 3 22 3 22 15 20 20 20 20 20 20
1 2 1 1 3 1 1 5 1 1 7 1 3 4 1 3 8 1 3 9 1 5 6 1 5 10 1 5 11 1 6 12 1 
# 123 1 9 9
22 22 22 22 15 20 20 20 20
1 2 1 1 5 1 1 6 1 2 3 1 2 7 1 3 4 1 3 8 1 4 5 1 4 9 1 
# 124 1 84 89
22 22 22 22 22 22 22 14 15 15 15 22 22 22 22 22 22 18 18 22 22 22 22 22 22 22 22 22 22 22 18 18 22 22 15 22 22 22 22 22 22 22 22 14 15 15 15 8 14 15 15 15 8 22 22 22 20 20 20 20 20 20 20 20 20 20 20 20 20 20 20 20 20 20 20 20 20 20 20 20 20 20 20 20
1 2 1 1 57 1 1 58 1 1 59 1 2 3 1 2 7 1 3 4 1 3 60 1 4 5 1 4 61 1 5 6 1 5 8 1 6 7 1 6 62 1 7 63 1 8 9 1 8 10 1 8 11 1 11 12 1 12 13 1 12 17 1 13 14 1 13 64 1 14 15 1 14 65 1 15 16 1 15 18 1 16 17 1 16 66 1 17 67 1 18 19 1 19 20 1 20 21 1 20 25 1 21 22 1 21 68 1 22 23 1 22 69 1 23 24 1 23 27 1 24 25 1 24 70 1 25 26 1 26 71 1 26 72 1 26 73 1 27 28 1 27 56 1 28 29 1 28 74 1 29 30 1 29 75 1 30 31 1 30 54 1 31 32 1 32 33 1 33 34 1 33 43 1 34 35 1 34 36 1 35 76 1 36 37 1 36 77 1 37 38 1 37 78 1 38 39 1 38 43 1 39 40 1 39 79 1 40 41 1 40 49 1 41 42 1 41 80 1 42 43 1 42 44 1 44 45 1 44 46 1 44 47 1 47 48 1 49 50 1 49 51 1 49 52 1 52 53 1 54 55 1 54 56 1 55 81 1 55 82 1 55 83 1 56 84 1 
# 125 1 36 38
18 18 22 22 22 22 22 22 22 18 15 15 22 22 15 22 22 22 22 22 22 22 22 20 20 20 20 20 20 20 20 20 20 20 20 20
1 2 1 1 13 1 2 3 1 3 4 1 3 9 1 4 5 1 4 24 1 5 6 1 5 25 1 6 7 1 6 8 1 7 26 1 7 27 1 7 28 1 8 9 1 8 29 1 9 10 1 10 11 1 10 12 1 13 14 1 13 23 1 14 15 1 14 16 1 15 30 1 16 17 1 16 31 1 17 18 1 17 32 1 18 19 1 18 23 1 19 20 1 19 33 1 20 21 1 20 34 1 21 22 1 21 35 1 22 23 1 22 36 1 
# 126 1 32 34
22 22 15 22 22 15 22 22 15 22 22 15 22 15 22 22 22 22 15 22 15 22 20 20 20 20 20 20 20 20 20 20
1 2 1 1 8 1 1 13 1 2 3 1 2 4 1 3 23 1 4 5 1 4 24 1 5 6 1 5 7 1 6 25 1 7 8 1 7 26 1 8 9 1 9 10 1 10 11 1 10 15 1 11 12 1 11 13 1 12 27 1 13 14 1 15 16 1 15 22 1 16 17 1 16 28 1 17 18 1 17 29 1 18 19 1 18 20 1 19 30 1 20 21 1 20 22 1 21 31 1 22 32 1 
# 127 1 16 16
22 5 22 5 22 5 22 5 22 5 22 15 22 20 20 20
1 2 1 1 3 1 1 11 1 3 4 1 3 5 1 5 6 1 5 7 1 7 8 1 7 9 1 9 10 1 9 11 1 11 12 1 12 13 1 13 14 1 13 15 1 13 16 1 
# 128 1 18 18
15 22 22 22 22 22 22 22 18 15 15 20 20 20 20 20 20 20
1 2 1 1 3 1 2 12 1 2 13 1 2 14 1 3 4 1 3 8 1 4 5 1 4 15 1 5 6 1 5 16 1 6 7 1 6 17 1 7 8 1 7 18 1 8 9 1 9 10 1 9 11 1 
# 129 1 17 18
22 22 22 22 22 22 22 15 15 22 22 20 20 20 20 20 20
1 2 1 1 11 1 1 12 1 2 3 1 2 13 1 3 4 1 3 14 1 4 5 1 4 10 1 5 6 1 5 15 1 6 7 1 6 16 1 7 8 1 7 9 1 9 10 1 10 11 1 11 17 1 
# 130 1 19 20
15 22 22 22 22 22 22 22 22 22 15 20 20 20 20 20 20 20 20
1 2 1 2 3 1 2 11 1 3 4 1 3 12 1 3 13 1 4 5 1 4 14 1 4 15 1 5 6 1 5 10 1 6 7 1 6 16 1 7 8 1 7 17 1 8 9 1 8 18 1 9 10 1 9 19 1 10 11 1 
# 131 1 80 87
22 22 18 22 22 22 22 22 22 22 22 15 6 15 22 22 22 22 22 22 18 18 22 22 22 22 18 18 22 22 15 6 15 22 22 22 22 18 22 22 22 22 22 22 14 15 15 15 8 14 15 15 15 8 14 15 15 15 8 14 15 15 15 8 20 20 20 20 20 20 20 20 20 20 20 20 20 20 20 20
1 2 1 1 7 1 1 11 1 2 3 1 2 4 1 3 65 1 3 66 1 4 5 1 4 67 1 5 6 1 5 60 1 6 7 1 6 68 1 7 8 1 8 9 1 8 69 1 9 10 1 9 55 1 10 11 1 10 22 1 11 12 1 12 13 1 13 14 1 14 15 1 15 16 1 15 20 1 16 17 1 16 70 1 17 18 1 17 23 1 18 19 1 18 71 1 19 20 1 19 72 1 20 21 1 21 22 1 23 24 1 23 35 1 24 25 1 24 73 1 25 26 1 25 74 1 26 27 1 26 34 1 27 28 1 28 29 1 29 30 1 29 44 1 30 31 1 30 36 1 31 32 1 32 33 1 33 34 1 34 35 1 35 75 1 36 37 1 36 42 1 37 38 1 37 39 1 38 76 1 38 77 1 39 40 1 39 78 1 40 41 1 40 50 1 41 42 1 41 79 1 42 43 1 43 44 1 43 80 1 44 45 1 45 46 1 45 47 1 45 48 1 48 49 1 50 51 1 50 52 1 50 53 1 53 54 1 55 56 1 55 57 1 55 58 1 58 59 1 60 61 1 60 62 1 60 63 1 63 64 1 
# 132 1 15 14
15 22 22 22 22 20 20 20 20 20 20 20 20 20 20
1 2 1 1 6 1 2 3 1 2 4 1 2 5 1 3 7 1 3 8 1 3 9 1 4 10 1 4 11 1 4 12 1 5 13 1 5 14 1 5 15 1 
# 133 1 16 15
22 22 22 22 15 18 15 20 20 20 20 20 20 20 20 20
1 2 1 1 3 1 1 4 1 1 8 1 2 9 1 2 10 1 2 11 1 3 12 1 3 13 1 3 14 1 4 5 1 4 15 1 4 16 1 5 6 1 6 7 1 
# 134 1 6 5
22 19 19 22 19 19
1 2 1 1 3 1 1 4 1 4 5 1 4 6 1 
# 135 1 19 18
22 22 3 22 3 22 15 22 15 20 20 20 20 20 20 20 20 20 20
1 2 1 1 4 1 1 6 1 1 8 1 2 3 1 2 10 1 2 11 1 4 5 1 4 12 1 4 13 1 6 7 1 6 14 1 6 15 1 7 16 1 8 9 1 8 17 1 8 18 1 9 19 1 
# 136 1 28 29
22 22 22 22 22 22 18 22 22 22 22 22 22 20 20 20 20 20 20 20 20 20 20 20 20 20 20 20
1 2 1 1 14 1 1 15 1 1 16 1 2 3 1 2 13 1 3 4 1 3 17 1 4 5 1 4 6 1 4 7 1 5 18 1 5 19 1 5 20 1 6 21 1 6 22 1 6 23 1 7 8 1 7 24 1 8 9 1 8 13 1 9 10 1 9 25 1 10 11 1 10 26 1 11 12 1 11 27 1 12 13 1 12 28 1 
# 137 1 42 44
14 15 15 18 22 22 22 22 22 18 22 22 22 22 22 22 18 18 22 22 22 22 15 22 22 22 15 15 20 20 20 20 20 20 20 20 20 20 20 20 20 20
1 2 1 1 3 1 1 4 1 1 11 1 4 5 1 4 29 1 5 6 1 5 10 1 6 7 1 6 30 1 7 8 1 7 31 1 8 9 1 8 32 1 9 10 1 9 33 1 11 12 1 11 16 1 12 13 1 12 34 1 13 14 1 13 35 1 14 15 1 14 17 1 15 16 1 15 36 1 16 37 1 17 18 1 18 19 1 19 20 1 19 25 1 20 21 1 20 38 1 21 22 1 21 39 1 22 23 1 22 24 1 23 40 1 24 25 1 24 26 1 25 41 1 26 27 1 26 28 1 28 42 1 
# 138 1 43 44
22 22 22 22 22 15 15 22 22 22 22 22 22 22 15 15 22 22 22 22 22 22 22 20 20 20 20 20 20 20 20 20 20 20 20 20 20 20 20 20 20 20 20
1 2 1 1 13 1 1 24 1 2 3 1 2 25 1 3 4 1 3 26 1 4 5 1 4 12 1 5 6 1 5 7 1 7 8 1 8 9 1 8 27 1 8 28 1 9 10 1 9 29 1 9 30 1 10 11 1 10 31 1 10 32 1 11 33 1 11 34 1 11 35 1 12 13 1 12 14 1 13 36 1 14 15 1 14 16 1 16 17 1 17 18 1 17 37 1 17 38 1 18 19 1 18 23 1 19 20 1 19 39 1 20 21 1 20 40 1 21 22 1 21 41 1 22 23 1 22 42 1 23 43 1 
# 139 1 32 35
22 22 22 22 22 22 22 22 22 18 22 22 15 22 22 22 22 22 22 22 15 20 20 20 20 20 20 20 20 20 20 20
1 2 1 1 6 1 1 22 1 2 3 1 2 23 1 3 4 1 3 24 1 4 5 1 4 25 1 5 6 1 5 10 1 6 7 1 7 8 1 7 26 1 8 9 1 8 27 1 9 10 1 9 11 1 11 12 1 11 20 1 11 28 1 12 13 1 12 14 1 14 15 1 14 19 1 15 16 1 15 29 1 16 17 1 16 30 1 17 18 1 17 31 1 18 19 1 18 32 1 19 20 1 20 21 1 
# 140 1 38 41
22 15 22 15 22 22 22 22 22 22 22 22 22 22 15 22 22 22 22 22 22 15 22 22 20 20 20 20 20 20 20 20 20 20 20 20 20 20
1 2 1 1 6 1 1 11 1 1 18 1 2 3 1 3 4 1 3 5 1 5 6 1 5 10 1 6 7 1 7 8 1 7 25 1 8 9 1 8 26 1 9 10 1 9 27 1 10 28 1 11 12 1 11 17 1 12 13 1 12 29 1 13 14 1 13 30 1 14 15 1 14 16 1 15 31 1 16 17 1 16 32 1 17 33 1 18 19 1 18 24 1 19 20 1 19 34 1 20 21 1 20 35 1 21 22 1 21 23 1 22 36 1 23 24 1 23 37 1 24 38 1 
# 141 1 18 18
22 22 22 22 22 22 22 22 20 20 20 20 20 20 20 20 20 20
1 2 1 1 3 1 1 9 1 1 10 1 2 11 1 2 12 1 2 13 1 3 4 1 3 8 1 4 5 1 4 14 1 5 6 1 5 15 1 6 7 1 6 16 1 7 8 1 7 17 1 8 18 1 
# 142 1 10 9
22 22 5 22 22 20 20 20 20 20
1 2 1 1 6 1 1 7 1 2 3 1 2 4 1 4 5 1 4 8 1 5 9 1 5 10 1 
# 143 1 11 11
22 22 18 22 22 22 20 20 20 20 20
1 2 1 1 6 1 1 7 1 2 3 1 2 8 1 3 4 1 4 5 1 4 9 1 5 6 1 5 10 1 6 11 1 
# 144 1 13 13
22 22 22 15 22 20 20 20 20 20 20 20 20
1 2 1 1 5 1 1 6 1 1 7 1 2 3 1 2 8 1 2 9 1 3 4 1 3 10 1 3 11 1 4 5 1 5 12 1 5 13 1 
# 145 1 13 13
22 15 22 22 22 22 15 20 20 20 20 20 20
1 2 1 1 3 1 1 8 1 1 9 1 2 10 1 3 4 1 3 7 1 4 5 1 4 11 1 5 6 1 5 12 1 6 7 1 6 13 1 
# 146 1 13 13
22 5 22 15 22 5 22 5 22 5 22 5 20
1 2 1 1 3 1 1 11 1 3 4 1 3 5 1 4 13 1 5 6 1 5 7 1 7 8 1 7 9 1 9 10 1 9 11 1 11 12 1 
# 147 1 13 12
22 22 22 22 22 20 20 20 20 20 20 20 20
1 2 1 1 6 1 1 7 1 2 3 1 2 4 1 3 8 1 3 9 1 3 10 1 4 5 1 4 11 1 5 12 1 5 13 1 
# 148 1 12 11
22 22 22 22 20 20 20 20 20 20 20 20
1 2 1 1 5 1 1 6 1 2 3 1 2 4 1 3 7 1 3 8 1 3 9 1 4 10 1 4 11 1 4 12 1 
# 149 1 27 27
15 22 22 22 22 22 22 22 22 22 22 15 22 20 20 20 20 20 20 20 20 20 20 20 20 20 20
1 2 1 1 3 1 2 14 1 2 15 1 2 16 1 3 4 1 3 11 1 4 5 1 4 17 1 5 6 1 5 9 1 6 7 1 6 18 1 6 19 1 7 8 1 7 20 1 8 21 1 8 22 1 9 10 1 9 23 1 10 11 1 10 24 1 11 12 1 12 13 1 13 25 1 13 26 1 13 27 1 
# 150 1 24 26
22 22 22 22 22 22 22 15 22 22 22 22 22 22 22 15 20 20 20 20 20 20 20 20
1 2 1 1 6 1 1 15 1 2 3 1 2 17 1 3 4 1 3 18 1 4 5 1 4 19 1 5 6 1 5 20 1 6 7 1 7 8 1 7 9 1 9 10 1 9 14 1 10 11 1 10 21 1 11 12 1 11 22 1 12 13 1 12 23 1 13 14 1 13 24 1 14 15 1 15 16 1 
# 151 1 109 108
22 15 15 22 22 22 22 15 15 22 22 22 22 22 22 22 22 22 22 22 22 22 15 22 22 22 22 22 15 22 22 15 22 22 18 15 22 15 22 22 22 22 15 15 22 15 15 22 15 15 20 20 20 20 20 20 20 20 20 20 20 20 20 20 20 20 20 20 20 20 20 20 20 20 20 20 20 20 20 20 20 20 20 20 20 20 20 20 20 20 20 20 20 20 20 20 20 20 20 20 20 20 20 20 20 20 20 20 20
1 2 1 1 3 1 1 4 1 2 51 1 4 5 1 4 52 1 4 53 1 5 6 1 5 48 1 5 54 1 6 7 1 6 55 1 6 56 1 7 8 1 7 9 1 9 10 1 10 11 1 10 17 1 10 57 1 11 12 1 11 13 1 11 58 1 12 59 1 12 60 1 12 61 1 13 14 1 13 62 1 13 63 1 14 15 1 14 64 1 14 65 1 15 16 1 15 66 1 15 67 1 16 68 1 16 69 1 16 70 1 17 18 1 17 36 1 17 71 1 18 19 1 18 72 1 18 73 1 19 20 1 19 21 1 19 74 1 20 75 1 20 76 1 20 77 1 21 22 1 21 78 1 21 79 1 22 23 1 22 24 1 22 80 1 23 81 1 24 25 1 24 82 1 24 83 1 25 26 1 25 84 1 25 85 1 26 27 1 26 86 1 26 87 1 27 28 1 27 88 1 27 89 1 28 29 1 28 30 1 28 90 1 29 91 1 30 31 1 30 92 1 30 93 1 31 32 1 31 33 1 31 94 1 32 95 1 33 34 1 33 35 1 33 96 1 34 97 1 34 98 1 34 99 1 35 100 1 35 101 1 36 37 1 37 38 1 37 39 1 39 40 1 39 102 1 39 103 1 40 41 1 40 45 1 40 104 1 41 42 1 41 105 1 41 106 1 42 43 1 42 44 1 43 107 1 45 46 1 45 47 1 46 108 1 48 49 1 48 50 1 49 109 1 
# 152 1 2 1
7 16
1 2 1 
# 153 -1 6 5
22 5 22 5 5 20
1 2 1 1 3 1 1 6 1 3 4 1 3 5 1 
# 154 -1 24 23
14 16 15 22 15 22 14 22 22 15 18 22 20 20 20 20 20 20 20 20 20 20 20 20
1 2 1 2 3 1 2 5 1 2 7 1 3 4 1 4 13 1 4 14 1 4 15 1 5 6 1 6 16 1 6 17 1 6 18 1 7 8 1 8 9 1 8 19 1 8 20 1 9 10 1 9 11 1 11 12 1 11 21 1 12 22 1 12 23 1 12 24 1 
# 155 -1 30 30
22 22 22 22 22 22 22 22 18 22 18 18 22 18 18 20 20 20 20 20 20 20 20 20 20 20 20 20 20 20
1 2 1 1 6 1 1 16 1 2 3 1 2 17 1 3 4 1 3 18 1 4 5 1 4 19 1 5 6 1 5 7 1 6 20 1 7 8 1 7 21 1 7 22 1 8 9 1 8 23 1 8 24 1 9 10 1 9 25 1 10 11 1 10 12 1 11 26 1 12 13 1 12 27 1 13 14 1 13 15 1 14 28 1 14 29 1 15 30 1 
# 156 -1 24 26
22 5 22 5 22 5 22 22 22 5 22 5 22 22 5 22 5 5 20 20 20 20 20 20
1 2 1 1 3 1 1 14 1 3 4 1 3 5 1 5 6 1 5 7 1 5 16 1 7 8 1 7 13 1 7 19 1 8 9 1 8 20 1 8 21 1 9 10 1 9 11 1 9 22 1 11 12 1 11 13 1 11 23 1 13 14 1 13 24 1 14 15 1 14 16 1 16 17 1 16 18 1 
# 157 -1 22 24
5 22 22 5 22 5 22 5 22 22 22 22 5 22 22 5 5 20 20 20 20 20
1 2 1 2 3 1 2 14 1 2 15 1 3 4 1 3 5 1 5 6 1 5 7 1 7 8 1 7 9 1 7 15 1 9 10 1 9 14 1 9 18 1 10 11 1 10 19 1 11 12 1 11 20 1 12 13 1 12 14 1 12 21 1 14 22 1 15 16 1 15 17 1 
# 158 -1 18 17
16 15 15 22 15 22 15 22 22 5 5 20 20 20 20 20 20 20
1 2 1 1 3 1 1 5 1 1 7 1 3 4 1 4 12 1 4 13 1 4 14 1 5 6 1 6 15 1 6 16 1 6 17 1 7 8 1 8 9 1 8 18 1 9 10 1 9 11 1 
# 159 -1 36 35
22 22 18 22 22 15 15 22 22 15 15 8 18 22 22 15 15 8 22 22 15 15 8 20 20 20 20 20 20 20 20 20 20 20 20 20
1 2 1 1 13 1 1 24 1 1 25 1 2 3 1 2 26 1 2 27 1 3 4 1 3 8 1 4 5 1 4 28 1 4 29 1 5 6 1 5 7 1 7 30 1 8 9 1 8 31 1 8 32 1 9 10 1 9 11 1 11 12 1 13 14 1 13 19 1 14 15 1 14 33 1 14 34 1 15 16 1 15 17 1 17 18 1 19 20 1 19 35 1 19 36 1 20 21 1 20 22 1 22 23 1 
# 160 -1 27 31
22 5 22 5 22 5 22 5 22 5 5 22 22 22 22 22 22 15 22 20 20 20 20 20 20 20 20
1 2 1 1 3 1 1 9 1 1 13 1 3 4 1 3 5 1 5 6 1 5 7 1 7 8 1 7 9 1 7 12 1 9 10 1 9 11 1 12 13 1 12 16 1 12 20 1 13 14 1 13 21 1 14 15 1 14 19 1 14 22 1 15 16 1 15 23 1 15 24 1 16 17 1 16 25 1 17 18 1 17 19 1 17 26 1 18 19 1 19 27 1 
# 161 -1 18 18
22 5 22 5 22 5 22 5 22 5 22 5 20 20 20 20 20 20
1 2 1 1 3 1 1 11 1 1 13 1 3 4 1 3 5 1 3 14 1 5 6 1 5 7 1 5 15 1 7 8 1 7 9 1 7 16 1 9 10 1 9 11 1 9 17 1 11 12 1 11 18 1 
# 162 -1 24 25
14 18 22 15 22 22 22 22 22 22 22 15 22 5 5 5 20 20 20 20 20 20 20 20
1 2 1 1 13 1 2 3 1 2 11 1 3 4 1 3 5 1 5 6 1 5 10 1 5 17 1 6 7 1 6 18 1 6 19 1 7 8 1 7 20 1 8 9 1 8 21 1 9 10 1 9 22 1 9 23 1 10 11 1 10 24 1 11 12 1 13 14 1 13 15 1 13 16 1 
# 163 -1 27 32
22 5 22 5 22 5 22 22 22 22 22 15 22 22 22 5 22 5 5 20 20 20 20 20 20 20 20
1 2 1 1 3 1 1 9 1 1 15 1 3 4 1 3 5 1 3 20 1 5 6 1 5 7 1 5 17 1 7 8 1 7 14 1 7 21 1 8 9 1 8 13 1 8 22 1 9 10 1 9 23 1 10 11 1 10 14 1 10 24 1 11 12 1 11 13 1 11 25 1 12 13 1 13 26 1 14 15 1 14 27 1 15 16 1 15 17 1 17 18 1 17 19 1 
# 164 -1 27 31
5 22 22 5 22 5 22 22 22 22 22 15 22 22 22 5 22 5 5 20 20 20 20 20 20 20 20
1 2 1 2 3 1 2 15 1 3 4 1 3 5 1 5 6 1 5 7 1 5 17 1 7 8 1 7 14 1 7 20 1 8 9 1 8 13 1 8 21 1 9 10 1 9 22 1 9 23 1 10 11 1 10 14 1 10 24 1 11 12 1 11 13 1 11 25 1 12 13 1 13 26 1 14 15 1 14 27 1 15 16 1 15 17 1 17 18 1 17 19 1 
# 165 -1 27 31
22 5 22 5 22 5 22 5 22 5 5 22 22 22 22 22 22 15 22 20 20 20 20 20 20 20 20
1 2 1 1 3 1 1 9 1 1 13 1 3 4 1 3 5 1 5 6 1 5 7 1 7 8 1 7 9 1 7 12 1 9 10 1 9 11 1 12 13 1 12 16 1 12 20 1 13 14 1 13 21 1 14 15 1 14 19 1 14 22 1 15 16 1 15 23 1 15 24 1 16 17 1 16 25 1 17 18 1 17 19 1 17 26 1 18 19 1 19 27 1 
# 166 -1 16 16
22 15 15 22 18 22 5 22 5 22 18 22 5 20 20 20
1 2 1 1 3 1 1 4 1 3 14 1 4 5 1 4 12 1 5 6 1 6 7 1 6 8 1 8 9 1 8 10 1 10 11 1 10 12 1 11 15 1 11 16 1 12 13 1 
# 167 -1 38 37
22 22 22 15 15 22 22 14 16 14 15 22 15 22 22 15 15 22 22 20 20 20 20 20 20 20 20 20 20 20 20 20 20 20 20 20 20 20
1 2 1 1 8 1 1 15 1 1 20 1 2 3 1 2 21 1 2 22 1 3 4 1 3 5 1 5 6 1 6 7 1 6 23 1 6 24 1 7 25 1 7 26 1 7 27 1 8 9 1 9 10 1 9 11 1 9 13 1 11 12 1 12 28 1 12 29 1 12 30 1 13 14 1 14 31 1 14 32 1 14 33 1 15 16 1 15 17 1 17 18 1 18 19 1 18 34 1 18 35 1 19 36 1 19 37 1 19 38 1 
# 168 -1 17 17
22 22 5 22 22 18 22 5 22 22 15 15 20 20 20 20 20
1 2 1 1 9 1 1 13 1 2 3 1 2 4 1 4 5 1 4 14 1 5 6 1 5 7 1 6 15 1 6 16 1 7 8 1 7 9 1 9 10 1 10 11 1 10 12 1 12 17 1 
# 169 -1 70 73
5 22 22 22 22 22 22 18 18 22 22 22 15 22 15 18 22 22 22 22 22 22 22 22 22 22 18 18 22 22 22 15 22 15 18 22 22 22 22 22 22 22 5 22 20 20 20 20 20 20 20 20 20 20 20 20 20 20 20 20 20 20 20 20 20 20 20 20 20 20
1 2 1 2 3 1 2 7 1 3 4 1 3 45 1 4 5 1 4 23 1 5 6 1 5 46 1 6 7 1 6 47 1 7 8 1 8 9 1 9 10 1 10 11 1 10 14 1 10 48 1 11 12 1 11 13 1 12 49 1 12 50 1 12 51 1 14 15 1 14 16 1 16 17 1 16 52 1 17 18 1 17 22 1 18 19 1 18 53 1 19 20 1 19 54 1 20 21 1 20 55 1 21 22 1 21 56 1 22 57 1 23 24 1 23 44 1 24 25 1 24 58 1 25 26 1 25 59 1 26 27 1 26 42 1 27 28 1 28 29 1 29 30 1 29 33 1 29 60 1 30 31 1 30 32 1 31 61 1 31 62 1 31 63 1 33 34 1 33 35 1 35 36 1 35 64 1 36 37 1 36 41 1 37 38 1 37 65 1 38 39 1 38 66 1 39 40 1 39 67 1 40 41 1 40 68 1 41 69 1 42 43 1 42 44 1 44 70 1 
# 170 -1 36 36
15 22 18 22 22 22 22 18 14 15 15 22 22 22 22 22 22 22 20 20 20 20 20 20 20 20 20 20 20 20 20 20 20 20 20 20
1 2 1 2 3 1 2 8 1 3 4 1 3 19 1 4 5 1 4 20 1 4 21 1 5 6 1 5 22 1 5 23 1 6 7 1 6 24 1 6 25 1 7 26 1 7 27 1 7 28 1 8 9 1 8 29 1 9 10 1 9 11 1 9 12 1 12 13 1 12 18 1 13 14 1 13 30 1 14 15 1 14 31 1 15 16 1 15 17 1 16 32 1 16 33 1 16 34 1 17 18 1 17 35 1 18 36 1 
# 171 -1 29 29
22 22 5 18 22 22 22 15 16 15 18 22 22 5 20 20 20 20 20 20 20 20 20 20 20 20 20 20 20
1 2 1 1 4 1 1 15 1 1 16 1 2 3 1 2 17 1 2 18 1 4 5 1 4 9 1 5 6 1 5 19 1 5 20 1 6 7 1 6 21 1 6 22 1 7 8 1 7 23 1 7 24 1 8 9 1 9 10 1 9 11 1 11 12 1 11 25 1 12 13 1 12 26 1 12 27 1 13 14 1 13 28 1 13 29 1 
# 172 -1 28 28
15 16 15 22 15 22 15 22 22 5 22 22 22 5 22 5 22 22 5 20 20 20 20 20 20 20 20 20
1 2 1 2 3 1 2 5 1 2 7 1 3 4 1 4 20 1 4 21 1 4 22 1 5 6 1 6 23 1 6 24 1 6 25 1 7 8 1 8 9 1 8 11 1 9 10 1 9 26 1 11 12 1 11 18 1 12 13 1 12 27 1 13 14 1 13 15 1 15 16 1 15 17 1 17 18 1 17 28 1 18 19 1 
# 173 -1 39 39
22 22 22 22 22 22 18 22 22 22 22 22 22 18 15 15 22 19 19 19 18 15 15 20 20 20 20 20 20 20 20 20 20 20 20 20 20 20 20
1 2 1 1 6 1 1 21 1 2 3 1 2 24 1 3 4 1 3 17 1 4 5 1 4 25 1 5 6 1 5 14 1 6 7 1 7 8 1 7 11 1 8 9 1 8 26 1 8 27 1 9 10 1 9 28 1 9 29 1 10 30 1 10 31 1 10 32 1 11 12 1 11 33 1 11 34 1 12 13 1 12 35 1 12 36 1 13 37 1 13 38 1 13 39 1 14 15 1 14 16 1 17 18 1 17 19 1 17 20 1 21 22 1 21 23 1 
# 174 -1 36 37
22 22 22 22 22 15 22 22 22 22 22 22 22 15 22 22 22 22 5 5 5 20 20 20 20 20 20 20 20 20 20 20 20 20 20 20
1 2 1 1 10 1 1 18 1 1 22 1 2 3 1 2 9 1 3 4 1 3 23 1 4 5 1 4 24 1 5 6 1 5 8 1 6 7 1 7 25 1 7 26 1 7 27 1 8 9 1 8 28 1 9 29 1 10 11 1 10 17 1 11 12 1 11 30 1 12 13 1 12 31 1 13 14 1 13 16 1 14 15 1 15 32 1 15 33 1 15 34 1 16 17 1 16 35 1 17 36 1 18 19 1 18 20 1 18 21 1 
# 175 -1 17 17
22 22 22 22 22 18 22 22 15 15 20 20 20 20 20 20 20
1 2 1 1 7 1 1 11 1 2 3 1 2 12 1 3 4 1 3 13 1 4 5 1 4 14 1 5 6 1 5 7 1 6 15 1 6 16 1 7 8 1 8 9 1 8 10 1 9 17 1 
# 176 -1 27 28
22 22 22 5 22 5 22 22 5 22 15 22 22 5 22 5 22 22 5 22 15 20 20 20 20 20 20
1 2 1 1 12 1 1 22 1 1 23 1 2 3 1 2 10 1 3 4 1 3 5 1 5 6 1 5 7 1 7 8 1 7 24 1 8 9 1 8 10 1 10 11 1 11 25 1 12 13 1 12 20 1 13 14 1 13 15 1 15 16 1 15 17 1 17 18 1 17 26 1 18 19 1 18 20 1 20 21 1 21 27 1 
# 177 -1 30 30
14 15 15 18 22 15 18 22 22 22 22 22 22 22 5 22 22 20 20 20 20 20 20 20 20 20 20 20 20 20
1 2 1 1 3 1 1 4 1 1 11 1 4 5 1 4 18 1 5 6 1 5 7 1 7 8 1 7 19 1 8 9 1 8 20 1 8 21 1 9 10 1 9 22 1 9 23 1 10 24 1 10 25 1 10 26 1 11 12 1 11 17 1 12 13 1 12 27 1 13 14 1 13 28 1 14 15 1 14 16 1 16 17 1 16 29 1 17 30 1 
# 178 -1 21 21
22 18 14 22 22 22 18 22 22 22 22 20 20 20 20 20 20 20 20 20 20
1 2 1 1 3 1 1 4 1 2 12 1 2 13 1 4 5 1 4 11 1 5 6 1 5 14 1 6 7 1 6 15 1 7 8 1 8 9 1 8 11 1 9 10 1 9 16 1 9 17 1 10 18 1 10 19 1 10 20 1 11 21 1 
# 179 -1 14 14
22 18 15 22 18 22 22 18 22 20 20 20 20 20
1 2 1 1 3 1 1 4 1 2 10 1 2 11 1 4 5 1 4 9 1 5 6 1 6 7 1 6 12 1 7 8 1 7 13 1 8 9 1 9 14 1 
# 180 -1 42 43
22 22 22 22 22 22 22 22 15 14 15 15 18 22 15 18 22 22 22 22 22 22 20 20 20 20 20 20 20 20 20 20 20 20 20 20 20 20 20 20 20 20
1 2 1 1 6 1 1 23 1 2 3 1 2 24 1 3 4 1 3 10 1 4 5 1 4 25 1 5 6 1 5 26 1 6 7 1 7 8 1 7 9 1 8 27 1 8 28 1 8 29 1 10 11 1 10 12 1 10 13 1 13 14 1 13 30 1 14 15 1 14 16 1 16 17 1 16 31 1 17 18 1 17 22 1 17 32 1 18 19 1 18 33 1 18 34 1 19 20 1 19 35 1 19 36 1 20 21 1 20 37 1 20 38 1 21 22 1 21 39 1 21 40 1 22 41 1 22 42 1 
# 181 -1 42 43
14 15 15 18 22 15 18 18 22 22 22 22 22 22 22 22 22 22 22 22 22 20 20 20 20 20 20 20 20 20 20 20 20 20 20 20 20 20 20 20 20 20
1 2 1 1 3 1 1 4 1 1 15 1 4 5 1 4 22 1 5 6 1 5 7 1 7 8 1 7 23 1 8 9 1 8 14 1 9 10 1 9 24 1 9 25 1 10 11 1 10 26 1 10 27 1 11 12 1 11 28 1 11 29 1 12 13 1 12 30 1 12 31 1 13 14 1 13 32 1 13 33 1 14 34 1 14 35 1 15 16 1 15 21 1 16 17 1 16 36 1 17 18 1 17 37 1 18 19 1 18 20 1 19 38 1 19 39 1 19 40 1 20 21 1 20 41 1 21 42 1 
# 182 -1 40 41
18 22 14 18 22 22 22 22 22 22 22 22 22 22 22 22 20 20 20 20 20 20 20 20 20 20 20 20 20 20 20 20 20 20 20 20 20 20 20 20
1 2 1 1 11 1 1 17 1 2 3 1 2 4 1 4 5 1 4 18 1 5 6 1 5 10 1 5 19 1 6 7 1 6 20 1 6 21 1 7 8 1 7 22 1 7 23 1 8 9 1 8 24 1 8 25 1 9 10 1 9 26 1 9 27 1 10 28 1 10 29 1 11 12 1 11 16 1 11 30 1 12 13 1 12 31 1 12 32 1 13 14 1 13 33 1 13 34 1 14 15 1 14 35 1 14 36 1 15 16 1 15 37 1 15 38 1 16 39 1 16 40 1 
# 183 -1 102 107
22 15 22 22 22 22 22 22 22 18 22 22 5 22 22 5 15 22 22 22 22 22 22 22 22 22 22 22 22 22 22 22 22 22 22 15 22 15 22 22 22 22 22 22 22 18 22 22 5 22 22 5 20 20 20 20 20 20 20 20 20 20 20 20 20 20 20 20 20 20 20 20 20 20 20 20 20 20 20 20 20 20 20 20 20 20 20 20 20 20 20 20 20 20 20 20 20 20 20 20 20 20
1 2 1 1 3 1 1 17 1 3 4 1 3 53 1 3 54 1 4 5 1 4 9 1 5 6 1 5 55 1 6 7 1 6 56 1 7 8 1 7 10 1 8 9 1 8 57 1 9 58 1 10 11 1 10 14 1 11 12 1 11 59 1 11 60 1 12 13 1 12 61 1 12 62 1 14 15 1 14 63 1 14 64 1 15 16 1 15 65 1 15 66 1 17 18 1 18 19 1 18 34 1 18 67 1 19 20 1 19 68 1 19 69 1 20 21 1 20 70 1 20 71 1 21 22 1 21 34 1 21 72 1 22 23 1 22 31 1 22 73 1 23 24 1 23 74 1 23 75 1 24 25 1 24 76 1 24 77 1 25 26 1 25 30 1 26 27 1 26 78 1 27 28 1 27 36 1 28 29 1 28 79 1 29 30 1 29 80 1 30 31 1 31 32 1 31 81 1 32 33 1 32 82 1 32 83 1 33 34 1 33 84 1 33 85 1 34 35 1 35 86 1 35 87 1 35 88 1 36 37 1 37 38 1 37 39 1 39 40 1 39 89 1 39 90 1 40 41 1 40 45 1 41 42 1 41 91 1 42 43 1 42 92 1 43 44 1 43 46 1 44 45 1 44 93 1 45 94 1 46 47 1 46 50 1 47 48 1 47 95 1 47 96 1 48 49 1 48 97 1 48 98 1 50 51 1 50 99 1 50 100 1 51 52 1 51 101 1 51 102 1 
# 184 -1 103 107
22 22 22 22 22 15 22 15 22 22 22 22 22 22 22 18 22 22 5 22 22 5 22 22 22 22 22 22 22 22 22 22 22 22 22 22 22 22 22 22 22 22 22 22 20 20 20 20 20 20 20 20 20 20 20 20 20 20 20 20 20 20 20 20 20 20 20 20 20 20 20 20 20 20 20 20 20 20 20 20 20 20 20 20 20 20 20 20 20 20 20 20 20 20 20 20 20 20 20 20 20 20 20
1 2 1 1 45 1 1 46 1 1 47 1 2 3 1 2 24 1 2 28 1 3 4 1 3 48 1 3 49 1 4 5 1 4 50 1 4 51 1 5 6 1 5 23 1 5 52 1 6 7 1 7 8 1 7 9 1 9 10 1 9 53 1 9 54 1 10 11 1 10 15 1 11 12 1 11 55 1 12 13 1 12 56 1 13 14 1 13 16 1 14 15 1 14 57 1 15 58 1 16 17 1 16 20 1 17 18 1 17 59 1 17 60 1 18 19 1 18 61 1 18 62 1 20 21 1 20 63 1 20 64 1 21 22 1 21 65 1 21 66 1 23 24 1 23 67 1 23 68 1 24 25 1 25 26 1 25 69 1 26 27 1 26 70 1 26 71 1 27 28 1 27 36 1 27 72 1 28 29 1 28 73 1 29 30 1 29 74 1 29 75 1 30 31 1 30 76 1 30 77 1 31 32 1 31 33 1 31 36 1 32 78 1 32 79 1 32 80 1 33 34 1 33 37 1 33 81 1 34 35 1 34 82 1 34 83 1 35 36 1 35 84 1 35 85 1 36 86 1 37 38 1 37 39 1 37 87 1 38 88 1 38 89 1 38 90 1 39 40 1 39 91 1 39 92 1 40 41 1 40 93 1 40 94 1 41 42 1 41 95 1 41 96 1 42 43 1 42 44 1 42 97 1 43 98 1 43 99 1 43 100 1 44 101 1 44 102 1 44 103 1 
# 185 -1 14 14
18 15 15 22 22 5 22 5 22 5 22 5 22 5
1 2 1 1 3 1 1 4 1 4 5 1 4 13 1 5 6 1 5 7 1 7 8 1 7 9 1 9 10 1 9 11 1 11 12 1 11 13 1 13 14 1 
# 186 -1 20 21
15 18 15 22 22 22 22 22 22 22 22 22 22 20 20 20 20 20 20 20
1 2 1 2 3 1 2 4 1 4 5 1 4 13 1 5 6 1 5 14 1 6 7 1 6 15 1 7 8 1 7 16 1 8 9 1 8 13 1 9 10 1 9 17 1 10 11 1 10 18 1 11 12 1 11 19 1 12 13 1 12 20 1 
# 187 -1 8 7
22 22 5 5 20 20 20 20
1 2 1 1 3 1 1 4 1 1 5 1 2 6 1 2 7 1 2 8 1 
# 188 -1 8 7
22 5 5 5 22 5 5 5
1 2 1 1 3 1 1 4 1 1 5 1 5 6 1 5 7 1 5 8 1 
# 189 -1 27 28
15 22 15 22 18 22 22 22 18 22 22 22 22 22 22 20 20 20 20 20 20 20 20 20 20 20 20
1 2 1 2 3 1 2 4 1 3 16 1 4 5 1 4 6 1 4 17 1 5 18 1 5 19 1 6 7 1 6 20 1 6 21 1 7 8 1 7 15 1 8 9 1 8 22 1 9 10 1 9 23 1 10 11 1 10 15 1 11 12 1 11 24 1 12 13 1 12 25 1 13 14 1 13 26 1 14 15 1 14 27 1 
# 190 -1 9 8
22 22 22 5 20 20 20 20 20
1 2 1 1 3 1 1 5 1 2 6 1 2 7 1 3 4 1 3 8 1 3 9 1 
# 191 -1 8 7
5 22 5 22 5 20 20 20
1 2 1 2 3 1 2 4 1 2 6 1 4 5 1 4 7 1 4 8 1 
# 192 -1 30 31
22 22 22 18 22 18 18 22 18 22 22 22 22 22 5 22 22 20 20 20 20 20 20 20 20 20 20 20 20 20
1 2 1 1 3 1 1 18 1 1 19 1 2 20 1 2 21 1 2 22 1 3 4 1 3 10 1 4 5 1 5 6 1 5 7 1 6 23 1 6 24 1 7 8 1 8 9 1 8 10 1 9 25 1 9 26 1 10 11 1 11 12 1 11 17 1 12 13 1 12 27 1 13 14 1 13 28 1 14 15 1 14 16 1 16 17 1 16 29 1 17 30 1 
# 193 -1 35 36
22 22 22 18 22 22 15 18 22 15 22 18 22 22 15 18 22 15 22 20 20 20 20 20 20 20 20 20 20 20 20 20 20 20 20
1 2 1 1 12 1 1 20 1 1 21 1 2 3 1 2 4 1 2 22 1 3 23 1 3 24 1 3 25 1 4 5 1 4 11 1 5 6 1 5 26 1 5 27 1 6 7 1 6 8 1 8 9 1 8 28 1 9 10 1 9 11 1 11 29 1 11 30 1 12 13 1 12 19 1 13 14 1 13 31 1 13 32 1 14 15 1 14 16 1 16 17 1 16 33 1 17 18 1 17 19 1 19 34 1 19 35 1 
# 194 -1 26 27
18 22 22 22 22 22 22 22 22 22 22 18 22 22 20 20 20 20 20 20 20 20 20 20 20 20
1 2 1 1 8 1 1 15 1 2 3 1 2 7 1 3 4 1 3 16 1 4 5 1 4 17 1 5 6 1 5 18 1 6 7 1 6 19 1 7 20 1 8 9 1 8 14 1 9 10 1 9 21 1 10 11 1 10 22 1 11 12 1 11 13 1 12 23 1 12 24 1 13 14 1 13 25 1 14 26 1 
# 195 -1 23 22
22 18 22 18 22 15 22 22 22 15 15 20 20 20 20 20 20 20 20 20 20 20 20
1 2 1 1 12 1 1 13 1 1 14 1 2 3 1 2 4 1 3 15 1 3 16 1 3 17 1 4 5 1 4 18 1 5 6 1 5 7 1 7 8 1 7 19 1 7 20 1 8 9 1 8 21 1 8 22 1 9 10 1 9 11 1 10 23 1 
# 196 -1 29 30
22 15 22 22 22 22 5 22 22 22 22 22 22 5 22 22 22 5 5 5 20 20 20 20 20 20 20 20 20
1 2 1 1 3 1 1 10 1 1 17 1 2 21 1 3 4 1 3 9 1 4 5 1 4 22 1 5 6 1 5 23 1 6 7 1 6 8 1 8 9 1 8 24 1 9 25 1 10 11 1 10 16 1 11 12 1 11 26 1 12 13 1 12 27 1 13 14 1 13 15 1 15 16 1 15 28 1 16 29 1 17 18 1 17 19 1 17 20 1 
# 197 -1 29 30
15 22 22 22 22 5 22 22 22 15 18 22 22 22 22 22 22 5 18 15 15 20 20 20 20 20 20 20 20
1 2 1 1 22 1 2 3 1 2 8 1 3 4 1 3 23 1 4 5 1 4 24 1 5 6 1 5 7 1 7 8 1 7 25 1 8 9 1 9 10 1 9 11 1 11 12 1 11 26 1 12 13 1 12 17 1 13 14 1 13 27 1 14 15 1 14 28 1 15 16 1 15 19 1 16 17 1 16 29 1 17 18 1 19 20 1 19 21 1 
# 198 -1 38 39
22 22 22 5 22 15 15 22 22 22 22 22 22 15 16 14 15 22 22 15 22 22 20 20 20 20 20 20 20 20 20 20 20 20 20 20 20 20
1 2 1 1 3 1 1 9 1 2 23 1 2 24 1 2 25 1 3 4 1 3 5 1 5 6 1 5 7 1 7 8 1 8 9 1 8 13 1 9 10 1 10 11 1 10 26 1 11 12 1 11 27 1 12 13 1 12 14 1 13 28 1 14 15 1 15 16 1 15 17 1 15 20 1 17 18 1 18 19 1 18 29 1 18 30 1 19 31 1 19 32 1 19 33 1 20 21 1 21 22 1 21 34 1 21 35 1 22 36 1 22 37 1 22 38 1 
# 199 -1 31 31
22 22 22 22 22 22 22 22 22 22 15 20 20 20 20 20 20 20 20 20 20 20 20 20 20 20 20 20 20 20 20
1 2 1 1 3 1 1 4 1 1 12 1 2 13 1 2 14 1 2 15 1 3 16 1 3 17 1 3 18 1 4 5 1 4 10 1 4 19 1 5 6 1 5 20 1 5 21 1 6 7 1 6 22 1 6 23 1 7 8 1 7 9 1 7 24 1 8 25 1 8 26 1 8 27 1 9 10 1 9 28 1 9 29 1 10 11 1 10 30 1 11 31 1 
# 200 -1 26 26
22 22 22 22 22 22 18 22 22 18 18 14 15 15 15 8 20 20 20 20 20 20 20 20 20 20
1 2 1 1 6 1 1 17 1 2 3 1 2 18 1 3 4 1 3 10 1 4 5 1 4 19 1 5 6 1 5 20 1 6 7 1 7 8 1 7 9 1 8 21 1 8 22 1 8 23 1 9 24 1 9 25 1 9 26 1 10 11 1 11 12 1 12 13 1 12 14 1 12 15 1 15 16 1 
# 201 -1 13 13
15 14 15 22 22 22 22 20 20 20 20 20 20
1 2 1 2 3 1 2 4 1 2 7 1 4 5 1 4 8 1 4 9 1 5 6 1 5 10 1 6 7 1 6 11 1 7 12 1 7 13 1 
# 202 -1 31 31
14 16 15 22 15 22 15 22 22 22 22 14 22 22 22 22 20 20 20 20 20 20 20 20 20 20 20 20 20 20 20
1 2 1 2 3 1 2 5 1 2 7 1 3 4 1 4 17 1 4 18 1 4 19 1 5 6 1 6 20 1 6 21 1 6 22 1 7 8 1 8 9 1 8 16 1 9 10 1 9 23 1 10 11 1 10 24 1 11 12 1 11 14 1 12 13 1 13 25 1 13 26 1 13 27 1 14 15 1 14 16 1 15 28 1 15 29 1 15 30 1 16 31 1 
# 203 -1 21 22
18 22 18 22 5 18 22 5 18 22 22 22 22 22 22 5 20 20 20 20 20
1 2 1 1 10 1 1 17 1 2 3 1 2 9 1 3 4 1 4 5 1 4 6 1 6 7 1 7 8 1 7 9 1 10 11 1 10 15 1 11 12 1 11 18 1 12 13 1 12 19 1 13 14 1 13 20 1 14 15 1 14 21 1 15 16 1 
# 204 -1 19 19
22 22 22 22 22 22 18 22 18 15 15 20 20 20 20 20 20 20 20
1 2 1 1 8 1 1 12 1 2 3 1 2 13 1 3 4 1 3 14 1 4 5 1 4 6 1 5 15 1 5 16 1 5 17 1 6 7 1 6 8 1 7 18 1 7 19 1 8 9 1 9 10 1 9 11 1 
# 205 -1 19 19
22 22 22 22 22 15 15 22 18 22 18 15 15 20 20 20 20 20 20
1 2 1 1 10 1 1 14 1 2 3 1 2 15 1 3 4 1 3 16 1 4 5 1 4 8 1 5 6 1 5 7 1 7 17 1 8 9 1 8 10 1 9 18 1 9 19 1 10 11 1 11 12 1 11 13 1 
# 206 -1 5 4
22 21 21 21 20
1 2 1 1 3 1 1 4 1 1 5 1 
# 207 -1 28 28
22 18 22 22 22 22 22 15 22 22 18 22 22 15 20 20 20 20 20 20 20 20 20 20 20 20 20 20
1 2 1 1 3 1 1 7 1 2 15 1 2 16 1 3 4 1 3 17 1 4 5 1 4 11 1 5 6 1 5 18 1 6 7 1 6 19 1 7 8 1 8 9 1 9 10 1 9 20 1 9 21 1 10 22 1 10 23 1 10 24 1 11 12 1 11 25 1 12 13 1 12 14 1 13 26 1 13 27 1 13 28 1 
# 208 -1 16 16
22 22 22 18 22 22 5 22 18 20 20 20 20 20 20 20
1 2 1 1 8 1 1 10 1 2 3 1 2 11 1 3 4 1 3 5 1 4 12 1 4 13 1 5 6 1 5 14 1 6 7 1 6 8 1 8 9 1 9 15 1 9 16 1 
# 209 -1 18 18
15 18 15 22 22 5 22 5 22 15 22 22 5 22 5 20 20 20
1 2 1 2 3 1 2 4 1 4 5 1 4 14 1 5 6 1 5 7 1 7 8 1 7 9 1 9 10 1 9 12 1 10 11 1 11 16 1 11 17 1 11 18 1 12 13 1 12 14 1 14 15 1 
# 210 -1 17 18
15 18 15 22 22 22 22 18 22 18 22 22 20 20 20 20 20
1 2 1 2 3 1 2 4 1 4 5 1 4 12 1 5 6 1 5 13 1 6 7 1 6 14 1 7 8 1 7 11 1 8 9 1 9 10 1 9 15 1 10 11 1 10 16 1 11 12 1 12 17 1 
# 211 -1 54 55
22 15 22 22 15 22 22 15 22 22 22 22 22 22 22 15 22 15 22 22 22 22 22 22 20 20 20 20 20 20 20 20 20 20 20 20 20 20 20 20 20 20 20 20 20 20 20 20 20 20 20 20 20 20
1 2 1 1 13 1 1 25 1 1 26 1 2 3 1 3 4 1 3 27 1 3 28 1 4 5 1 4 29 1 4 30 1 5 6 1 6 7 1 6 31 1 6 32 1 7 8 1 7 33 1 7 34 1 8 9 1 9 10 1 9 35 1 9 36 1 10 11 1 10 37 1 10 38 1 11 12 1 11 39 1 11 40 1 12 41 1 12 42 1 12 43 1 13 14 1 13 21 1 14 15 1 14 44 1 15 16 1 15 19 1 16 17 1 17 18 1 17 45 1 17 46 1 18 19 1 19 20 1 20 21 1 20 47 1 21 22 1 22 23 1 22 48 1 22 49 1 23 24 1 23 50 1 23 51 1 24 52 1 24 53 1 24 54 1 
# 212 -1 24 24
22 22 22 22 22 22 22 15 15 22 22 15 15 22 20 20 20 20 20 20 20 20 20 20
1 2 1 1 6 1 1 15 1 2 3 1 2 16 1 3 4 1 3 11 1 4 5 1 4 17 1 5 6 1 5 18 1 6 7 1 7 8 1 7 9 1 9 10 1 10 19 1 10 20 1 10 21 1 11 12 1 11 13 1 13 14 1 14 22 1 14 23 1 14 24 1 
# 213 -1 22 24
22 22 22 22 22 22 15 22 22 22 22 22 22 15 20 20 20 20 20 20 20 20
1 2 1 1 6 1 1 14 1 2 3 1 2 15 1 3 4 1 3 16 1 4 5 1 4 17 1 5 6 1 5 18 1 6 7 1 7 8 1 8 9 1 8 13 1 9 10 1 9 19 1 10 11 1 10 20 1 11 12 1 11 21 1 12 13 1 12 22 1 13 14 1 
# 214 -1 22 24
22 22 22 5 22 22 22 15 22 22 22 5 22 22 22 15 20 20 20 20 20 20
1 2 1 1 7 1 1 16 1 2 3 1 2 17 1 3 4 1 3 5 1 5 6 1 5 18 1 6 7 1 6 19 1 7 8 1 8 9 1 9 10 1 9 15 1 10 11 1 10 20 1 11 12 1 11 13 1 13 14 1 13 21 1 14 15 1 14 22 1 15 16 1 
# 215 -1 50 51
22 22 22 14 15 22 22 22 22 22 22 22 22 22 22 22 22 15 22 15 22 22 20 20 20 20 20 20 20 20 20 20 20 20 20 20 20 20 20 20 20 20 20 20 20 20 20 20 20 20
1 2 1 1 14 1 1 23 1 1 24 1 2 3 1 2 4 1 2 25 1 3 26 1 3 27 1 3 28 1 4 5 1 4 6 1 6 7 1 6 29 1 6 30 1 7 8 1 7 31 1 7 32 1 8 9 1 8 33 1 8 34 1 9 10 1 9 35 1 9 36 1 10 11 1 10 37 1 10 38 1 11 12 1 11 39 1 11 40 1 12 13 1 12 41 1 12 42 1 13 43 1 13 44 1 13 45 1 14 15 1 14 22 1 15 16 1 15 46 1 16 17 1 16 47 1 17 18 1 17 21 1 18 19 1 19 20 1 19 48 1 19 49 1 20 21 1 21 22 1 22 50 1 
# 216 -1 50 50
22 22 15 22 14 16 14 15 22 22 15 22 22 22 15 14 16 14 15 22 22 15 22 22 20 20 20 20 20 20 20 20 20 20 20 20 20 20 20 20 20 20 20 20 20 20 20 20 20 20
1 2 1 1 15 1 1 25 1 1 26 1 2 3 1 2 27 1 2 28 1 3 4 1 4 5 1 4 14 1 4 29 1 5 6 1 6 7 1 6 8 1 6 11 1 8 9 1 9 10 1 9 30 1 9 31 1 10 32 1 10 33 1 10 34 1 11 12 1 12 13 1 12 35 1 12 36 1 13 37 1 13 38 1 13 39 1 14 15 1 14 16 1 14 40 1 16 17 1 17 18 1 17 19 1 17 22 1 19 20 1 20 21 1 20 41 1 20 42 1 21 43 1 21 44 1 21 45 1 22 23 1 23 24 1 23 46 1 23 47 1 24 48 1 24 49 1 24 50 1 
# 217 -1 19 19
22 22 22 18 22 22 22 22 18 20 20 20 20 20 20 20 20 20 20
1 2 1 1 8 1 1 10 1 2 3 1 2 11 1 3 4 1 3 5 1 4 12 1 4 13 1 5 6 1 5 14 1 6 7 1 6 8 1 7 15 1 7 16 1 7 17 1 8 9 1 9 18 1 9 19 1 
# 218 -1 17 16
22 14 18 22 18 22 22 20 20 20 20 20 20 20 20 20 20
1 2 1 1 3 1 1 5 1 3 4 1 3 8 1 4 9 1 4 10 1 4 11 1 5 6 1 5 7 1 6 12 1 6 13 1 6 14 1 7 15 1 7 16 1 7 17 1 
# 219 -1 28 29
22 22 22 22 22 5 22 22 22 22 22 22 5 22 22 22 5 5 5 20 20 20 20 20 20 20 20 20
1 2 1 1 9 1 1 16 1 1 20 1 2 3 1 2 8 1 3 4 1 3 21 1 4 5 1 4 22 1 5 6 1 5 7 1 7 8 1 7 23 1 8 24 1 9 10 1 9 15 1 10 11 1 10 25 1 11 12 1 11 26 1 12 13 1 12 14 1 14 15 1 14 27 1 15 28 1 16 17 1 16 18 1 16 19 1 
# 220 -1 28 29
5 22 5 22 22 22 22 22 5 22 22 22 22 22 22 5 22 22 20 20 20 20 20 20 20 20 20 20
1 2 1 2 3 1 2 4 1 2 19 1 4 5 1 4 12 1 4 20 1 5 6 1 5 11 1 6 7 1 6 21 1 7 8 1 7 22 1 8 9 1 8 10 1 10 11 1 10 23 1 11 24 1 12 13 1 12 18 1 13 14 1 13 25 1 14 15 1 14 26 1 15 16 1 15 17 1 17 18 1 17 27 1 18 28 1 
# 221 -1 14 13
18 18 22 18 14 22 18 14 20 20 20 20 20 20
1 2 1 1 6 1 1 9 1 2 3 1 2 10 1 3 4 1 3 5 1 4 11 1 4 12 1 6 7 1 6 8 1 7 13 1 7 14 1 
# 222 -1 28 28
22 22 22 22 22 15 22 22 22 18 15 15 18 22 15 22 20 20 20 20 20 20 20 20 20 20 20 20
1 2 1 1 9 1 1 17 1 2 3 1 2 13 1 3 4 1 3 18 1 4 5 1 4 19 1 5 6 1 5 9 1 6 7 1 7 8 1 7 20 1 7 21 1 8 22 1 8 23 1 8 24 1 9 10 1 10 11 1 10 12 1 13 14 1 13 25 1 14 15 1 14 16 1 16 26 1 16 27 1 16 28 1 
# 223 -1 38 43
15 22 22 22 22 22 22 22 22 22 22 22 22 15 22 22 22 22 22 22 22 22 22 22 22 22 20 20 20 20 20 20 20 20 20 20 20 20
1 2 1 2 3 1 2 24 1 3 4 1 3 8 1 4 5 1 4 27 1 5 6 1 5 28 1 6 7 1 6 29 1 7 8 1 7 30 1 8 9 1 9 10 1 9 25 1 10 11 1 10 31 1 11 12 1 11 32 1 12 13 1 12 26 1 13 14 1 13 15 1 15 16 1 15 20 1 16 17 1 16 33 1 17 18 1 17 34 1 18 19 1 18 35 1 19 20 1 19 36 1 20 21 1 21 22 1 21 26 1 22 23 1 22 37 1 23 24 1 23 38 1 24 25 1 25 26 1 
# 224 -1 38 37
22 22 22 15 15 22 22 14 16 15 15 22 15 22 22 15 15 22 22 20 20 20 20 20 20 20 20 20 20 20 20 20 20 20 20 20 20 20
1 2 1 1 8 1 1 15 1 1 20 1 2 3 1 2 21 1 2 22 1 3 4 1 3 5 1 5 6 1 6 7 1 6 23 1 6 24 1 7 25 1 7 26 1 7 27 1 8 9 1 9 10 1 9 11 1 9 13 1 11 12 1 12 28 1 12 29 1 12 30 1 13 14 1 14 31 1 14 32 1 14 33 1 15 16 1 15 17 1 17 18 1 18 19 1 18 34 1 18 35 1 19 36 1 19 37 1 19 38 1 
# 225 -1 26 25
22 22 22 14 22 22 18 15 22 15 18 22 20 20 20 20 20 20 20 20 20 20 20 20 20 20
1 2 1 1 3 1 1 4 1 1 6 1 2 13 1 2 14 1 2 15 1 3 16 1 3 17 1 3 18 1 4 5 1 5 19 1 5 20 1 5 21 1 6 7 1 6 22 1 7 8 1 8 9 1 9 10 1 9 11 1 11 12 1 11 23 1 12 24 1 12 25 1 12 26 1 
# 226 -1 40 40
15 22 22 22 22 18 22 18 22 22 22 16 14 15 22 22 15 22 22 20 20 20 20 20 20 20 20 20 20 20 20 20 20 20 20 20 20 20 20 20
1 2 1 1 12 1 2 3 1 2 8 1 3 4 1 3 20 1 4 5 1 4 6 1 5 21 1 5 22 1 5 23 1 6 7 1 7 8 1 7 9 1 9 10 1 9 11 1 9 24 1 10 25 1 10 26 1 10 27 1 11 28 1 11 29 1 11 30 1 12 13 1 12 14 1 12 17 1 14 15 1 15 16 1 15 31 1 15 32 1 16 33 1 16 34 1 16 35 1 17 18 1 18 19 1 18 36 1 18 37 1 19 38 1 19 39 1 19 40 1 
# 227 -1 31 32
14 15 15 18 22 22 22 22 22 18 15 22 22 22 22 18 22 22 20 20 20 20 20 20 20 20 20 20 20 20 20
1 2 1 1 3 1 1 4 1 1 12 1 4 5 1 4 19 1 5 6 1 5 11 1 6 7 1 6 8 1 7 20 1 7 21 1 7 22 1 8 9 1 8 10 1 9 23 1 9 24 1 9 25 1 10 11 1 12 13 1 12 18 1 13 14 1 13 26 1 14 15 1 14 27 1 15 16 1 15 17 1 16 28 1 16 29 1 17 18 1 17 30 1 18 31 1 
# 228 -1 36 38
10 15 22 22 22 22 22 22 22 22 22 22 22 22 22 22 22 22 22 22 20 20 20 20 20 20 20 20 20 20 20 20 20 20 20 20
1 2 1 1 3 1 1 9 1 1 15 1 2 21 1 3 4 1 3 8 1 4 5 1 4 22 1 5 6 1 5 23 1 6 7 1 6 24 1 7 8 1 7 25 1 8 26 1 9 10 1 9 14 1 10 11 1 10 27 1 11 12 1 11 28 1 12 13 1 12 29 1 13 14 1 13 30 1 14 31 1 15 16 1 15 20 1 16 17 1 16 32 1 17 18 1 17 33 1 18 19 1 18 34 1 19 20 1 19 35 1 20 36 1 
# 229 -1 23 24
15 22 22 22 22 18 18 22 22 22 22 22 22 20 20 20 20 20 20 20 20 20 20
1 2 1 2 3 1 2 7 1 3 4 1 3 14 1 3 15 1 4 5 1 4 6 1 5 16 1 5 17 1 5 18 1 6 7 1 7 8 1 8 9 1 8 13 1 9 10 1 9 19 1 10 11 1 10 20 1 11 12 1 11 21 1 12 13 1 12 22 1 13 23 1 
# 230 -1 22 23
18 22 22 22 22 22 22 18 22 22 22 22 20 20 20 20 20 20 20 20 20 20
1 2 1 1 13 1 1 14 1 2 3 1 2 12 1 3 4 1 3 15 1 4 5 1 4 16 1 5 6 1 5 17 1 6 7 1 6 12 1 7 8 1 7 9 1 8 18 1 8 19 1 9 10 1 9 20 1 10 11 1 10 21 1 11 12 1 11 22 1 
# 231 -1 17 17
22 22 22 22 22 5 22 22 18 20 20 20 20 20 20 20 20
1 2 1 1 8 1 1 10 1 2 3 1 2 11 1 3 4 1 3 5 1 4 12 1 4 13 1 4 14 1 5 6 1 5 7 1 7 8 1 7 15 1 8 9 1 9 16 1 9 17 1 
# 232 -1 22 22
22 22 14 22 18 18 22 15 18 22 22 18 15 15 20 20 20 20 20 20 20 20
1 2 1 1 5 1 1 15 1 2 3 1 2 12 1 3 4 1 4 5 1 4 6 1 6 7 1 6 16 1 7 8 1 7 9 1 9 10 1 9 17 1 10 11 1 10 18 1 10 19 1 11 20 1 11 21 1 11 22 1 12 13 1 12 14 1 
# 233 -1 34 34
15 22 18 22 15 22 22 22 22 22 18 22 22 22 22 22 20 20 20 20 20 20 20 20 20 20 20 20 20 20 20 20 20 20
1 2 1 2 3 1 2 5 1 3 4 1 3 17 1 4 18 1 4 19 1 4 20 1 5 6 1 6 7 1 6 16 1 7 8 1 7 21 1 8 9 1 8 10 1 9 22 1 9 23 1 9 24 1 10 11 1 10 14 1 11 12 1 11 13 1 12 25 1 12 26 1 12 27 1 13 28 1 13 29 1 13 30 1 14 15 1 14 16 1 15 31 1 15 32 1 15 33 1 16 34 1 
# 234 -1 18 18
18 22 18 14 22 22 22 22 22 22 20 20 20 20 20 20 20 20
1 2 1 1 5 1 1 11 1 2 3 1 2 4 1 3 12 1 3 13 1 5 6 1 5 10 1 6 7 1 6 14 1 7 8 1 7 15 1 8 9 1 8 16 1 9 10 1 9 17 1 10 18 1 
# 235 -1 40 40
22 22 22 22 22 22 22 22 22 22 22 15 22 22 22 22 20 20 20 20 20 20 20 20 20 20 20 20 20 20 20 20 20 20 20 20 20 20 20 20
1 2 1 1 3 1 1 4 1 1 5 1 2 17 1 2 18 1 2 19 1 3 20 1 3 21 1 3 22 1 4 23 1 4 24 1 4 25 1 5 6 1 5 11 1 6 7 1 6 26 1 7 8 1 7 9 1 8 27 1 8 28 1 8 29 1 9 10 1 9 30 1 10 11 1 10 13 1 11 12 1 12 31 1 13 14 1 13 15 1 13 16 1 14 32 1 14 33 1 14 34 1 15 35 1 15 36 1 15 37 1 16 38 1 16 39 1 16 40 1 
# 236 -1 25 24
18 22 22 22 14 14 9 14 22 14 18 22 22 20 20 20 20 20 20 20 20 20 20 20 20
1 2 1 1 3 1 1 4 1 2 14 1 2 15 1 2 16 1 3 17 1 3 18 1 3 19 1 4 5 1 4 6 1 6 7 1 7 8 1 8 9 1 9 10 1 9 11 1 11 12 1 11 13 1 12 20 1 12 21 1 12 22 1 13 23 1 13 24 1 13 25 1 
# 237 -1 40 41
22 5 5 22 22 22 22 22 22 22 22 22 22 22 22 22 22 22 22 22 20 20 20 20 20 20 20 20 20 20 20 20 20 20 20 20 20 20 20 20
1 2 1 1 3 1 1 4 1 1 21 1 4 5 1 4 13 1 4 22 1 5 6 1 5 12 1 6 7 1 6 23 1 7 8 1 7 24 1 8 9 1 8 11 1 9 10 1 9 25 1 9 26 1 10 27 1 10 28 1 10 29 1 11 12 1 11 30 1 12 31 1 13 14 1 13 20 1 14 15 1 14 32 1 15 16 1 15 33 1 16 17 1 16 19 1 17 18 1 17 34 1 17 35 1 18 36 1 18 37 1 18 38 1 19 20 1 19 39 1 20 40 1 
# 238 -1 26 26
14 16 15 22 15 22 15 22 22 22 22 22 22 18 15 15 20 20 20 20 20 20 20 20 20 20
1 2 1 2 3 1 2 5 1 2 7 1 3 4 1 4 17 1 4 18 1 4 19 1 5 6 1 6 20 1 6 21 1 6 22 1 7 8 1 8 9 1 8 13 1 9 10 1 9 23 1 10 11 1 10 24 1 11 12 1 11 14 1 12 13 1 12 25 1 13 26 1 14 15 1 14 16 1 
# 239 -1 20 19
22 22 5 18 22 22 22 20 20 20 20 20 20 20 20 20 20 20 20 20
1 2 1 1 4 1 1 8 1 1 9 1 2 3 1 2 10 1 2 11 1 4 5 1 4 6 1 4 7 1 5 12 1 5 13 1 5 14 1 6 15 1 6 16 1 6 17 1 7 18 1 7 19 1 7 20 1 
# 240 -1 15 16
22 22 22 22 22 15 15 22 15 22 22 20 20 20 20
1 2 1 1 11 1 1 12 1 2 3 1 2 13 1 3 4 1 3 14 1 4 5 1 4 10 1 5 6 1 5 7 1 7 8 1 8 9 1 8 10 1 10 11 1 11 15 1 
# 241 -1 20 20
22 18 15 22 22 22 22 22 22 22 18 15 20 20 20 20 20 20 20 20
1 2 1 1 3 1 1 4 1 2 13 1 2 14 1 4 5 1 4 9 1 5 6 1 5 15 1 6 7 1 6 16 1 7 8 1 7 17 1 8 9 1 8 18 1 9 10 1 10 11 1 10 12 1 11 19 1 11 20 1 
# 242 -1 4 3
18 22 18 4
1 2 1 2 3 1 3 4 1 
# 243 -1 17 17
22 22 22 22 5 22 22 22 18 20 20 20 20 20 20 20 20
1 2 1 1 10 1 1 11 1 1 12 1 2 3 1 2 8 1 3 4 1 3 13 1 4 5 1 4 6 1 6 7 1 6 14 1 7 8 1 7 15 1 8 9 1 9 16 1 9 17 1 
# 244 -1 36 35
18 22 22 22 22 22 14 14 14 22 14 18 22 22 22 22 20 20 20 20 20 20 20 20 20 20 20 20 20 20 20 20 20 20 20 20
1 2 1 1 4 1 1 6 1 2 3 1 2 17 1 2 18 1 3 19 1 3 20 1 3 21 1 4 5 1 4 22 1 4 23 1 5 24 1 5 25 1 5 26 1 6 7 1 6 8 1 8 9 1 9 10 1 10 11 1 10 12 1 12 13 1 12 15 1 13 14 1 13 27 1 13 28 1 14 29 1 14 30 1 14 31 1 15 16 1 15 32 1 15 33 1 16 34 1 16 35 1 16 36 1 
# 245 -1 28 29
22 22 22 22 22 22 22 22 22 22 18 22 22 18 20 20 20 20 20 20 20 20 20 20 20 20 20 20
1 2 1 1 6 1 1 10 1 2 3 1 2 15 1 3 4 1 3 16 1 4 5 1 4 17 1 5 6 1 5 18 1 6 7 1 7 8 1 7 19 1 8 9 1 8 20 1 9 10 1 9 21 1 10 11 1 11 12 1 11 22 1 12 13 1 12 23 1 12 24 1 13 14 1 13 25 1 13 26 1 14 27 1 14 28 1 
# 246 -1 18 18
22 22 22 18 22 22 22 18 18 15 15 20 20 20 20 20 20 20
1 2 1 1 7 1 1 12 1 2 3 1 2 13 1 3 4 1 3 5 1 4 14 1 4 15 1 5 6 1 5 9 1 6 7 1 6 16 1 7 8 1 8 17 1 8 18 1 9 10 1 9 11 1 
# 247 -1 22 22
22 22 22 15 22 22 22 22 18 15 22 20 20 20 20 20 20 20 20 20 20 20
1 2 1 1 8 1 1 12 1 2 3 1 2 13 1 3 4 1 3 6 1 4 5 1 5 14 1 5 15 1 5 16 1 6 7 1 6 17 1 7 8 1 7 10 1 8 9 1 9 18 1 9 19 1 10 11 1 11 20 1 11 21 1 11 22 1 
# 248 -1 19 18
18 22 22 22 22 22 14 14 8 20 20 20 20 20 20 20 20 20 20
1 2 1 1 4 1 1 6 1 2 3 1 2 10 1 2 11 1 3 12 1 3 13 1 3 14 1 4 5 1 4 15 1 4 16 1 5 17 1 5 18 1 5 19 1 6 7 1 6 8 1 8 9 1 
# 249 -1 25 24
22 3 22 22 22 22 22 15 18 22 18 15 20 20 20 20 20 20 20 20 20 20 20 20 20
1 2 1 1 3 1 1 5 1 1 7 1 3 4 1 3 13 1 3 14 1 4 15 1 4 16 1 4 17 1 5 6 1 5 18 1 5 19 1 6 20 1 6 21 1 6 22 1 7 8 1 7 9 1 9 10 1 9 23 1 10 11 1 10 12 1 11 24 1 11 25 1 
# 250 -1 16 16
22 22 22 18 22 22 22 18 20 20 20 20 20 20 20 20
1 2 1 1 7 1 1 9 1 2 3 1 2 10 1 3 4 1 3 5 1 4 11 1 4 12 1 5 6 1 5 13 1 6 7 1 6 14 1 7 8 1 8 15 1 8 16 1 
# 251 -1 67 70
22 22 22 22 22 22 22 15 22 22 22 22 22 22 22 22 22 22 22 22 22 22 22 22 22 15 15 20 20 20 20 20 20 20 20 20 20 20 20 20 20 20 20 20 20 20 20 20 20 20 20 20 20 20 20 20 20 20 20 20 20 20 20 20 20 20 20
1 2 1 1 7 1 1 28 1 1 29 1 2 3 1 2 30 1 2 31 1 3 4 1 3 5 1 3 12 1 4 32 1 4 33 1 4 34 1 5 6 1 5 9 1 5 35 1 6 7 1 6 36 1 6 37 1 7 8 1 7 38 1 8 39 1 9 10 1 9 40 1 9 41 1 10 11 1 10 42 1 10 43 1 11 12 1 11 20 1 11 44 1 12 13 1 12 45 1 13 14 1 13 46 1 13 47 1 14 15 1 14 48 1 14 49 1 15 16 1 15 17 1 15 20 1 16 50 1 16 51 1 16 52 1 17 18 1 17 21 1 17 53 1 18 19 1 18 54 1 18 55 1 19 20 1 19 56 1 19 57 1 20 58 1 21 22 1 21 23 1 21 59 1 22 60 1 22 61 1 22 62 1 23 24 1 23 63 1 23 64 1 24 25 1 24 65 1 24 66 1 25 26 1 25 27 1 26 67 1 
# 252 -1 24 24
18 22 22 15 22 22 22 22 22 22 22 15 22 5 20 20 20 20 20 20 20 20 20 20
1 2 1 1 5 1 1 15 1 2 3 1 2 4 1 3 16 1 3 17 1 3 18 1 5 6 1 5 10 1 6 7 1 6 19 1 7 8 1 7 20 1 8 9 1 8 11 1 9 10 1 9 21 1 10 22 1 11 12 1 11 13 1 13 14 1 13 23 1 13 24 1 
# 253 -1 14 14
22 5 22 22 22 22 22 18 20 20 20 20 20 20
1 2 1 1 3 1 1 9 1 1 10 1 3 4 1 3 8 1 4 5 1 4 11 1 5 6 1 5 12 1 6 7 1 6 13 1 7 8 1 7 14 1 
# 254 -1 16 16
18 15 22 22 22 22 18 15 22 22 20 20 20 20 20 20
1 2 1 1 3 1 2 11 1 3 4 1 3 10 1 4 5 1 4 12 1 5 6 1 5 13 1 6 7 1 6 9 1 7 8 1 8 14 1 9 10 1 9 15 1 10 16 1 
# 255 -1 18 18
15 18 15 22 22 22 22 18 22 18 22 20 20 20 20 20 20 20
1 2 1 2 3 1 2 4 1 4 5 1 4 11 1 5 6 1 5 12 1 6 7 1 6 13 1 7 8 1 7 9 1 8 14 1 8 15 1 9 10 1 9 11 1 10 16 1 10 17 1 11 18 1 
# 256 -1 41 40
10 22 22 22 22 22 22 22 22 15 22 22 15 15 22 22 15 20 20 20 20 20 20 20 20 20 20 20 20 20 20 20 20 20 20 20 20 20 20 20 20
1 2 1 1 6 1 1 10 1 1 14 1 2 3 1 2 18 1 2 19 1 3 4 1 3 20 1 3 21 1 4 5 1 4 22 1 4 23 1 5 24 1 5 25 1 5 26 1 6 7 1 6 27 1 6 28 1 7 8 1 7 29 1 7 30 1 8 9 1 8 31 1 8 32 1 9 33 1 9 34 1 9 35 1 10 11 1 11 12 1 11 13 1 12 36 1 12 37 1 12 38 1 14 15 1 15 16 1 15 17 1 16 39 1 16 40 1 16 41 1 
# 257 -1 25 26
22 22 22 5 22 22 5 22 15 22 22 22 22 22 22 18 15 15 20 20 20 20 20 20 20
1 2 1 1 8 1 1 19 1 2 3 1 2 20 1 3 4 1 3 5 1 5 6 1 5 21 1 6 7 1 6 8 1 8 9 1 9 10 1 10 11 1 10 15 1 11 12 1 11 22 1 12 13 1 12 23 1 13 14 1 13 16 1 14 15 1 14 24 1 15 25 1 16 17 1 16 18 1 
# 258 -1 16 16
22 22 22 22 22 22 22 22 20 20 20 20 20 20 20 20
1 2 1 1 6 1 1 9 1 2 3 1 2 10 1 3 4 1 3 11 1 4 5 1 4 12 1 5 6 1 5 13 1 6 7 1 7 8 1 7 14 1 8 15 1 8 16 1 
# 259 -1 17 17
18 22 22 22 5 22 22 22 22 20 20 20 20 20 20 20 20
1 2 1 1 10 1 1 11 1 2 3 1 2 8 1 3 4 1 3 12 1 4 5 1 4 6 1 6 7 1 6 13 1 7 8 1 7 14 1 8 9 1 9 15 1 9 16 1 9 17 1 
# 260 -1 21 20
15 22 22 22 5 22 22 22 5 20 20 20 20 20 20 20 20 20 20 20 20
1 2 1 1 6 1 2 3 1 2 4 1 2 10 1 3 11 1 3 12 1 3 13 1 4 5 1 4 14 1 4 15 1 6 7 1 6 8 1 6 16 1 7 17 1 7 18 1 7 19 1 8 9 1 8 20 1 8 21 1 
# 261 -1 38 37
22 22 22 15 15 22 22 14 16 14 15 22 15 22 22 15 15 22 22 20 20 20 20 20 20 20 20 20 20 20 20 20 20 20 20 20 20 20
1 2 1 1 8 1 1 15 1 1 20 1 2 3 1 2 21 1 2 22 1 3 4 1 3 5 1 5 6 1 6 7 1 6 23 1 6 24 1 7 25 1 7 26 1 7 27 1 8 9 1 9 10 1 9 11 1 9 13 1 11 12 1 12 28 1 12 29 1 12 30 1 13 14 1 14 31 1 14 32 1 14 33 1 15 16 1 15 17 1 17 18 1 18 19 1 18 34 1 18 35 1 19 36 1 19 37 1 19 38 1 
# 262 -1 27 27
15 22 18 22 22 22 22 22 22 22 19 19 19 18 22 22 20 20 20 20 20 20 20 20 20 20 20
1 2 1 2 3 1 2 14 1 3 4 1 3 17 1 4 5 1 4 9 1 5 6 1 5 18 1 6 7 1 6 19 1 7 8 1 7 20 1 8 9 1 8 10 1 9 21 1 10 11 1 10 12 1 10 13 1 14 15 1 14 16 1 15 22 1 15 23 1 15 24 1 16 25 1 16 26 1 16 27 1 
# 263 -1 19 19
22 18 22 22 22 22 18 22 22 20 20 20 20 20 20 20 20 20 20
1 2 1 1 3 1 1 8 1 2 10 1 2 11 1 3 4 1 3 12 1 4 5 1 4 13 1 5 6 1 5 14 1 6 7 1 6 8 1 7 15 1 7 16 1 8 9 1 9 17 1 9 18 1 9 19 1 
# 264 -1 13 13
22 22 22 22 22 22 15 20 20 20 20 20 20
1 2 1 1 6 1 1 8 1 2 3 1 2 9 1 3 4 1 3 10 1 4 5 1 4 11 1 5 6 1 5 7 1 6 12 1 7 13 1 
# 265 -1 28 29
22 22 22 22 22 22 22 15 22 15 22 22 22 22 22 22 20 20 20 20 20 20 20 20 20 20 20 20
1 2 1 1 6 1 1 17 1 2 3 1 2 18 1 3 4 1 3 19 1 4 5 1 4 20 1 5 6 1 5 7 1 6 21 1 7 8 1 7 9 1 7 22 1 8 23 1 9 10 1 9 11 1 11 12 1 11 16 1 12 13 1 12 24 1 13 14 1 13 25 1 14 15 1 14 26 1 15 16 1 15 27 1 16 28 1 
# 266 -1 39 41
18 18 22 22 15 22 22 22 22 22 22 22 22 14 15 15 15 8 22 22 22 22 22 22 14 15 15 15 8 20 20 20 20 20 20 20 20 20 20
1 2 1 1 19 1 2 3 1 3 4 1 3 13 1 4 5 1 4 6 1 5 30 1 6 7 1 6 31 1 7 8 1 7 32 1 8 9 1 8 13 1 9 10 1 9 33 1 10 11 1 10 14 1 11 12 1 11 34 1 12 13 1 12 35 1 14 15 1 14 16 1 14 17 1 17 18 1 19 20 1 19 24 1 20 21 1 20 36 1 21 22 1 21 37 1 22 23 1 22 25 1 23 24 1 23 38 1 24 39 1 25 26 1 25 27 1 25 28 1 28 29 1 
# 267 -1 39 41
22 22 22 22 22 22 18 18 22 22 15 22 22 22 22 22 22 22 22 14 15 15 15 8 14 15 15 15 8 20 20 20 20 20 20 20 20 20 20
1 2 1 1 6 1 1 30 1 2 3 1 2 31 1 3 4 1 3 32 1 4 5 1 4 33 1 5 6 1 5 7 1 6 34 1 7 8 1 8 9 1 9 10 1 9 19 1 10 11 1 10 12 1 11 35 1 12 13 1 12 36 1 13 14 1 13 37 1 14 15 1 14 19 1 15 16 1 15 38 1 16 17 1 16 25 1 17 18 1 17 39 1 18 19 1 18 20 1 20 21 1 20 22 1 20 23 1 23 24 1 25 26 1 25 27 1 25 28 1 28 29 1 
# 268 -1 68 67
15 22 22 22 22 22 22 22 22 22 15 22 22 22 22 22 15 15 22 22 22 22 22 22 22 22 20 20 20 20 20 20 20 20 20 20 20 20 20 20 20 20 20 20 20 20 20 20 20 20 20 20 20 20 20 20 20 20 20 20 20 20 20 20 20 20 20 20
1 2 1 1 10 1 2 3 1 2 27 1 2 28 1 3 4 1 3 6 1 3 29 1 4 5 1 4 30 1 4 31 1 5 32 1 5 33 1 5 34 1 6 7 1 6 35 1 6 36 1 7 8 1 7 37 1 7 38 1 8 9 1 8 39 1 8 40 1 9 41 1 9 42 1 9 43 1 10 11 1 10 12 1 12 13 1 12 44 1 12 45 1 13 14 1 13 46 1 13 47 1 14 15 1 14 48 1 14 49 1 15 16 1 15 50 1 15 51 1 16 17 1 16 18 1 18 19 1 19 20 1 19 52 1 19 53 1 20 21 1 20 23 1 20 54 1 21 22 1 21 55 1 21 56 1 22 57 1 22 58 1 22 59 1 23 24 1 23 60 1 23 61 1 24 25 1 24 62 1 24 63 1 25 26 1 25 64 1 25 65 1 26 66 1 26 67 1 26 68 1 
# 269 -1 19 19
15 22 22 22 22 22 22 18 20 20 20 20 20 20 20 20 20 20 20
1 2 1 2 3 1 2 8 1 3 4 1 3 9 1 3 10 1 4 5 1 4 11 1 4 12 1 5 6 1 5 13 1 5 14 1 6 7 1 6 15 1 6 16 1 7 8 1 7 17 1 7 18 1 8 19 1 
# 270 -1 16 16
18 22 22 5 22 22 18 22 22 5 20 20 20 20 20 20
1 2 1 1 11 1 1 12 1 2 3 1 2 9 1 3 4 1 3 5 1 5 6 1 5 13 1 6 7 1 6 8 1 7 14 1 7 15 1 8 9 1 8 16 1 9 10 1 
# 271 -1 45 48
22 22 22 22 18 18 22 22 22 22 22 22 22 22 22 22 15 14 15 15 15 8 22 22 22 22 22 22 14 15 15 15 8 20 20 20 20 20 20 20 20 20 20 20 20
1 2 1 1 28 1 1 29 1 2 3 1 2 34 1 3 4 1 3 35 1 4 5 1 4 23 1 5 6 1 6 7 1 7 8 1 7 16 1 8 9 1 8 36 1 9 10 1 9 18 1 10 11 1 10 15 1 11 12 1 11 37 1 12 13 1 12 38 1 13 14 1 13 39 1 14 15 1 14 40 1 15 16 1 16 17 1 17 41 1 18 19 1 18 20 1 18 21 1 21 22 1 23 24 1 23 28 1 24 25 1 24 42 1 25 26 1 25 43 1 26 27 1 26 44 1 27 28 1 27 45 1 29 30 1 29 31 1 29 32 1 32 33 1 
# 272 -1 24 24
22 22 22 22 22 22 22 22 22 15 15 22 20 20 20 20 20 20 20 20 20 20 20 20
1 2 1 1 9 1 1 13 1 2 3 1 2 14 1 3 4 1 3 7 1 4 5 1 4 15 1 4 16 1 5 6 1 5 17 1 6 18 1 6 19 1 7 8 1 7 20 1 8 9 1 8 11 1 9 10 1 10 21 1 11 12 1 12 22 1 12 23 1 12 24 1 
# 273 -1 6 5
22 22 5 5 20 20
1 2 1 1 3 1 1 4 1 2 5 1 2 6 1 
# 274 -1 24 25
22 22 22 22 22 22 22 22 22 22 22 22 18 20 20 20 20 20 20 20 20 20 20 20
1 2 1 1 6 1 1 7 1 2 3 1 2 14 1 3 4 1 3 15 1 4 5 1 4 16 1 5 6 1 5 17 1 6 18 1 7 8 1 7 12 1 8 9 1 8 19 1 9 10 1 9 20 1 10 11 1 10 21 1 11 12 1 11 22 1 12 13 1 13 23 1 13 24 1 
# 275 -1 45 46
22 22 15 22 22 22 22 22 22 22 22 15 22 22 22 22 22 15 22 15 22 22 15 20 20 20 20 20 20 20 20 20 20 20 20 20 20 20 20 20 20 20 20 20 20
1 2 1 1 22 1 1 24 1 2 3 1 2 4 1 3 25 1 4 5 1 4 26 1 5 6 1 5 21 1 6 7 1 6 27 1 7 8 1 7 28 1 8 9 1 8 29 1 8 30 1 9 10 1 9 31 1 9 32 1 10 11 1 10 33 1 10 34 1 11 12 1 11 13 1 13 14 1 13 35 1 13 36 1 14 15 1 14 37 1 14 38 1 15 16 1 15 39 1 15 40 1 16 17 1 16 18 1 16 41 1 17 42 1 17 43 1 17 44 1 18 19 1 19 20 1 19 21 1 21 22 1 22 23 1 23 45 1 
# 276 -1 26 25
22 15 22 15 22 15 22 15 22 15 22 15 20 20 20 20 20 20 20 20 20 20 20 20 20 20
1 2 1 1 3 1 1 7 1 1 13 1 2 14 1 3 4 1 3 5 1 3 15 1 4 16 1 5 6 1 5 17 1 5 18 1 6 19 1 7 8 1 7 9 1 7 20 1 8 21 1 9 10 1 9 11 1 9 22 1 10 23 1 11 12 1 11 24 1 11 25 1 12 26 1 
# 277 -1 20 20
22 15 22 15 22 15 15 22 22 15 22 15 20 20 20 20 20 20 20 20
1 2 1 1 3 1 1 8 1 2 13 1 3 4 1 3 5 1 4 14 1 5 6 1 5 7 1 7 8 1 8 9 1 8 15 1 9 10 1 9 11 1 9 16 1 10 17 1 11 12 1 11 18 1 11 19 1 12 20 1 
# 278 -1 12 12
22 22 22 22 22 5 22 5 20 20 20 20
1 2 1 1 7 1 1 9 1 2 3 1 2 10 1 3 4 1 3 11 1 4 5 1 4 12 1 5 6 1 5 7 1 7 8 1 
# 279 -1 11 10
22 22 5 22 5 20 20 20 20 20 20
1 2 1 1 3 1 1 4 1 1 6 1 2 7 1 2 8 1 2 9 1 4 5 1 4 10 1 4 11 1 
# 280 -1 9 8
22 22 22 20 20 20 20 20 20
1 2 1 1 4 1 1 5 1 2 3 1 2 6 1 3 7 1 3 8 1 3 9 1 
# 281 -1 9 8
22 5 22 15 20 20 20 20 20
1 2 1 1 3 1 1 5 1 1 6 1 3 4 1 3 7 1 3 8 1 4 9 1 
# 282 -1 18 19
22 22 22 15 22 18 22 22 22 22 22 20 20 20 20 20 20 20
1 2 1 1 11 1 1 12 1 2 3 1 2 13 1 3 4 1 3 5 1 4 14 1 5 6 1 5 10 1 6 7 1 7 8 1 7 15 1 8 9 1 8 16 1 9 10 1 9 17 1 10 11 1 11 18 1 
# 283 -1 25 25
22 22 22 18 22 22 15 22 22 22 18 18 15 15 20 20 20 20 20 20 20 20 20 20 20
1 2 1 1 10 1 1 15 1 2 3 1 2 16 1 3 4 1 3 8 1 4 5 1 4 17 1 5 6 1 5 18 1 5 19 1 6 7 1 6 20 1 6 21 1 7 22 1 8 9 1 8 12 1 9 10 1 9 23 1 10 11 1 11 24 1 11 25 1 12 13 1 12 14 1 
# 284 -1 5 4
5 22 3 3 20
1 2 1 2 3 1 2 4 1 2 5 1 
# 285 -1 32 32
22 15 15 22 22 22 22 22 22 22 22 22 22 15 15 22 22 22 20 20 20 20 20 20 20 20 20 20 20 20 20 20
1 2 1 1 3 1 1 7 1 3 4 1 4 5 1 4 19 1 4 20 1 5 6 1 5 21 1 6 22 1 6 23 1 7 8 1 7 12 1 8 9 1 8 24 1 9 10 1 9 25 1 10 11 1 10 26 1 11 12 1 11 27 1 12 13 1 13 14 1 13 15 1 15 16 1 16 17 1 16 28 1 16 29 1 17 18 1 17 30 1 18 31 1 18 32 1 
# 286 -1 39 39
22 22 22 18 22 22 15 22 22 22 18 22 22 15 22 22 15 18 15 15 20 20 20 20 20 20 20 20 20 20 20 20 20 20 20 20 20 20 20
1 2 1 1 10 1 1 21 1 2 3 1 2 22 1 3 4 1 3 8 1 4 5 1 4 23 1 5 6 1 5 24 1 5 25 1 6 7 1 6 26 1 6 27 1 7 28 1 8 9 1 8 18 1 9 10 1 9 29 1 10 11 1 11 12 1 11 15 1 12 13 1 12 30 1 12 31 1 13 14 1 13 32 1 13 33 1 14 34 1 15 16 1 15 35 1 15 36 1 16 17 1 16 37 1 16 38 1 17 39 1 18 19 1 18 20 1 
# 287 -1 71 70
22 22 5 22 5 22 22 22 22 5 22 22 22 22 5 22 22 22 22 5 22 22 22 22 5 22 22 22 22 5 20 20 20 20 20 20 20 20 20 20 20 20 20 20 20 20 20 20 20 20 20 20 20 20 20 20 20 20 20 20 20 20 20 20 20 20 20 20 20 20 20
1 2 1 1 31 1 1 32 1 1 33 1 2 3 1 2 4 1 2 34 1 4 5 1 4 6 1 4 35 1 6 7 1 6 36 1 6 37 1 7 8 1 7 38 1 7 39 1 8 9 1 8 40 1 8 41 1 9 10 1 9 11 1 9 42 1 11 12 1 11 43 1 11 44 1 12 13 1 12 45 1 12 46 1 13 14 1 13 47 1 13 48 1 14 15 1 14 16 1 14 49 1 16 17 1 16 50 1 16 51 1 17 18 1 17 52 1 17 53 1 18 19 1 18 54 1 18 55 1 19 20 1 19 21 1 19 56 1 21 22 1 21 57 1 21 58 1 22 23 1 22 59 1 22 60 1 23 24 1 23 61 1 23 62 1 24 25 1 24 26 1 24 63 1 26 27 1 26 64 1 26 65 1 27 28 1 27 66 1 27 67 1 28 29 1 28 68 1 28 69 1 29 30 1 29 70 1 29 71 1 
# 288 -1 27 27
22 22 22 22 22 22 22 15 22 22 18 22 20 20 20 20 20 20 20 20 20 20 20 20 20 20 20
1 2 1 1 6 1 1 13 1 2 3 1 2 14 1 3 4 1 3 15 1 4 5 1 4 16 1 5 6 1 5 17 1 6 7 1 7 8 1 7 9 1 7 18 1 8 19 1 9 10 1 9 11 1 9 20 1 10 21 1 10 22 1 10 23 1 11 12 1 11 24 1 12 25 1 12 26 1 12 27 1 
# 289 -1 14 13
5 22 22 22 22 20 20 20 20 20 20 20 20 20
1 2 1 2 3 1 2 6 1 2 7 1 3 4 1 3 8 1 3 9 1 4 5 1 4 10 1 4 11 1 5 12 1 5 13 1 5 14 1 
# 290 -1 15 14
22 22 22 22 15 15 22 20 20 20 20 20 20 20 20
1 2 1 1 8 1 1 9 1 2 3 1 2 4 1 3 10 1 3 11 1 3 12 1 4 5 1 4 6 1 6 7 1 7 13 1 7 14 1 7 15 1 
# 291 -1 25 25
22 15 22 22 22 22 22 22 15 22 18 22 20 20 20 20 20 20 20 20 20 20 20 20 20
1 2 1 1 3 1 1 7 1 2 13 1 3 4 1 3 14 1 4 5 1 4 15 1 5 6 1 5 16 1 6 7 1 6 8 1 7 17 1 8 9 1 8 10 1 8 18 1 9 19 1 10 11 1 10 20 1 10 21 1 11 12 1 11 22 1 12 23 1 12 24 1 12 25 1 
# 292 -1 32 32
22 22 22 22 22 22 22 22 22 22 15 22 22 15 20 20 20 20 20 20 20 20 20 20 20 20 20 20 20 20 20 20
1 2 1 1 7 1 1 15 1 1 16 1 2 3 1 2 17 1 2 18 1 3 4 1 3 19 1 3 20 1 4 5 1 4 21 1 4 22 1 5 6 1 5 23 1 5 24 1 6 25 1 6 26 1 6 27 1 7 8 1 7 13 1 8 9 1 8 28 1 9 10 1 9 29 1 10 11 1 10 12 1 11 30 1 12 13 1 12 31 1 13 14 1 14 32 1 
# 293 -1 30 32
18 22 22 22 22 22 22 22 22 22 22 22 22 22 22 22 22 20 20 20 20 20 20 20 20 20 20 20 20 20
1 2 1 1 8 1 1 18 1 2 3 1 2 7 1 3 4 1 3 19 1 4 5 1 4 20 1 5 6 1 5 21 1 6 7 1 6 22 1 7 23 1 8 9 1 8 17 1 9 10 1 9 24 1 10 11 1 10 25 1 11 12 1 11 16 1 12 13 1 12 26 1 13 14 1 13 27 1 14 15 1 14 28 1 15 16 1 15 29 1 16 17 1 17 30 1 
# 294 -1 44 46
22 22 22 22 22 22 18 22 22 22 22 18 22 22 22 22 22 22 18 15 15 18 15 15 22 22 14 15 15 15 8 20 20 20 20 20 20 20 20 20 20 20 20 20
1 2 1 1 6 1 1 32 1 2 3 1 2 33 1 3 4 1 3 34 1 4 5 1 4 35 1 5 6 1 5 7 1 6 36 1 7 8 1 7 37 1 8 9 1 8 26 1 9 10 1 9 38 1 10 11 1 10 39 1 11 12 1 11 25 1 12 13 1 12 40 1 13 14 1 13 18 1 14 15 1 14 41 1 15 16 1 15 42 1 16 17 1 16 22 1 17 18 1 17 43 1 18 19 1 19 20 1 19 21 1 22 23 1 22 24 1 25 26 1 25 44 1 26 27 1 27 28 1 27 29 1 27 30 1 30 31 1 
# 295 -1 42 44
15 22 22 15 18 22 22 15 18 22 14 22 22 22 22 22 15 15 17 22 22 22 22 22 22 20 20 20 20 20 20 20 20 20 20 20 20 20 20 20 20 20
1 2 1 1 20 1 2 3 1 2 26 1 2 27 1 3 4 1 3 5 1 5 6 1 5 28 1 6 7 1 6 10 1 6 29 1 7 8 1 7 9 1 9 10 1 9 15 1 10 11 1 10 30 1 11 12 1 12 13 1 12 14 1 12 15 1 13 31 1 13 32 1 13 33 1 14 34 1 14 35 1 14 36 1 15 16 1 15 37 1 16 17 1 16 18 1 18 19 1 20 21 1 20 25 1 21 22 1 21 38 1 22 23 1 22 39 1 23 24 1 23 40 1 24 25 1 24 41 1 25 42 1 
# 296 -1 16 16
22 22 22 22 22 22 22 15 20 20 20 20 20 20 20 20
1 2 1 1 6 1 1 9 1 2 3 1 2 10 1 3 4 1 3 11 1 4 5 1 4 12 1 5 6 1 5 13 1 6 7 1 7 8 1 7 14 1 7 15 1 8 16 1 
# 297 -1 56 59
22 22 22 15 22 22 15 22 22 15 22 15 22 15 22 22 18 15 22 15 22 18 22 22 22 22 22 22 22 15 22 22 20 20 20 20 20 20 20 20 20 20 20 20 20 20 20 20 20 20 20 20 20 20 20 20
1 2 1 1 32 1 1 33 1 2 3 1 2 34 1 3 4 1 3 5 1 4 35 1 5 6 1 5 31 1 6 7 1 6 8 1 8 9 1 8 27 1 9 10 1 9 11 1 10 36 1 11 12 1 11 13 1 11 25 1 12 37 1 13 14 1 13 15 1 15 16 1 15 19 1 16 17 1 16 18 1 17 38 1 17 39 1 19 20 1 19 21 1 20 40 1 21 22 1 21 25 1 21 41 1 22 23 1 22 24 1 23 42 1 23 43 1 23 44 1 24 45 1 24 46 1 24 47 1 25 26 1 25 48 1 26 27 1 26 49 1 26 50 1 27 28 1 27 51 1 28 29 1 28 30 1 28 31 1 29 52 1 29 53 1 29 54 1 30 55 1 31 32 1 32 56 1 
# 298 -1 28 28
22 15 15 22 22 18 22 22 22 22 22 15 22 15 22 20 20 20 20 20 20 20 20 20 20 20 20 20
1 2 1 1 3 1 1 4 1 2 16 1 4 5 1 4 6 1 4 7 1 5 17 1 5 18 1 5 19 1 6 20 1 6 21 1 7 8 1 7 22 1 7 23 1 8 9 1 8 15 1 9 10 1 9 24 1 10 11 1 10 25 1 11 12 1 11 13 1 12 26 1 13 14 1 13 15 1 14 27 1 15 28 1 
# 299 -1 14 13
22 15 22 22 18 22 15 20 20 20 20 20 20 20
1 2 1 1 3 1 1 5 1 3 4 1 3 8 1 4 9 1 4 10 1 5 6 1 5 11 1 6 7 1 6 12 1 6 13 1 7 14 1 
# 300 -1 13 13
22 5 22 22 5 22 22 22 15 20 20 20 20
1 2 1 1 3 1 1 8 1 3 4 1 3 10 1 4 5 1 4 6 1 6 7 1 6 11 1 7 8 1 7 12 1 8 9 1 9 13 1 
# 301 -1 26 26
22 22 15 22 22 15 22 22 15 22 22 15 20 20 20 20 20 20 20 20 20 20 20 20 20 20
1 2 1 1 3 1 1 8 1 1 13 1 2 14 1 2 15 1 2 16 1 3 4 1 4 5 1 4 6 1 4 17 1 5 18 1 5 19 1 5 20 1 6 7 1 7 8 1 7 9 1 7 21 1 8 22 1 8 23 1 9 10 1 10 11 1 10 12 1 11 24 1 11 25 1 11 26 1 
# 302 -1 25 26
15 14 15 18 22 18 22 22 22 5 22 22 22 14 18 15 15 20 20 20 20 20 20 20 20
1 2 1 2 3 1 2 4 1 2 13 1 4 5 1 4 18 1 5 6 1 5 19 1 5 20 1 6 7 1 6 21 1 7 8 1 7 13 1 8 9 1 8 22 1 9 10 1 9 11 1 11 12 1 11 14 1 12 13 1 12 23 1 14 15 1 14 16 1 14 17 1 15 24 1 15 25 1 
# 303 -1 15 16
22 22 22 22 22 22 15 22 22 20 20 20 20 20 20
1 2 1 1 9 1 1 10 1 2 3 1 2 11 1 3 4 1 3 12 1 4 5 1 4 8 1 5 6 1 5 13 1 6 7 1 6 14 1 7 8 1 8 9 1 9 15 1 
# 304 -1 15 15
22 22 22 22 22 22 22 20 20 20 20 20 20 20 20
1 2 1 1 6 1 1 8 1 2 3 1 2 9 1 3 4 1 3 10 1 4 5 1 4 11 1 5 6 1 5 12 1 6 7 1 7 13 1 7 14 1 7 15 1 
# 305 -1 11 11
22 22 22 15 15 22 15 20 20 20 20
1 2 1 1 6 1 1 8 1 1 9 1 2 3 1 2 10 1 2 11 1 3 4 1 3 5 1 5 6 1 6 7 1 
# 306 -1 18 18
22 22 22 18 22 18 22 22 22 22 22 22 5 20 20 20 20 20
1 2 1 1 7 1 1 14 1 2 3 1 2 5 1 3 4 1 5 6 1 7 8 1 7 12 1 8 9 1 8 15 1 9 10 1 9 16 1 10 11 1 10 17 1 11 12 1 11 18 1 12 13 1 
# 307 -1 14 14
22 22 22 22 22 22 22 15 20 20 20 20 20 20
1 2 1 1 6 1 1 9 1 2 3 1 2 10 1 3 4 1 3 11 1 4 5 1 4 12 1 5 6 1 5 13 1 6 7 1 7 8 1 7 14 1 
# 308 -1 17 17
22 22 22 22 22 22 22 15 22 5 20 20 20 20 20 20 20
1 2 1 1 6 1 1 11 1 2 3 1 2 12 1 3 4 1 3 13 1 4 5 1 4 14 1 5 6 1 5 7 1 6 15 1 7 8 1 7 9 1 9 10 1 9 16 1 9 17 1 
# 309 -1 23 23
22 22 18 22 22 22 22 22 22 22 20 20 20 20 20 20 20 20 20 20 20 20 20
1 2 1 1 11 1 1 12 1 1 13 1 2 3 1 2 4 1 2 14 1 3 15 1 3 16 1 4 5 1 4 17 1 4 18 1 5 6 1 5 10 1 6 7 1 6 19 1 7 8 1 7 20 1 8 9 1 8 21 1 9 10 1 9 22 1 10 23 1 
# 310 -1 4 3
8 18 18 18
1 2 1 2 3 1 3 4 1 
# 311 -1 20 20
22 22 22 15 22 22 22 18 22 15 22 20 20 20 20 20 20 20 20 20
1 2 1 1 7 1 1 12 1 2 3 1 2 13 1 3 4 1 3 5 1 4 14 1 5 6 1 5 15 1 6 7 1 6 16 1 7 8 1 8 9 1 8 17 1 9 10 1 9 11 1 11 18 1 11 19 1 11 20 1 
# 312 -1 38 38
14 15 15 18 22 22 22 22 22 22 22 22 22 22 22 22 22 15 15 20 20 20 20 20 20 20 20 20 20 20 20 20 20 20 20 20 20 20
1 2 1 1 3 1 1 4 1 1 11 1 4 5 1 4 8 1 5 6 1 5 20 1 5 21 1 6 7 1 6 22 1 6 23 1 7 24 1 7 25 1 7 26 1 8 9 1 8 27 1 8 28 1 9 10 1 9 29 1 9 30 1 10 31 1 10 32 1 10 33 1 11 12 1 11 16 1 12 13 1 12 34 1 13 14 1 13 35 1 14 15 1 14 17 1 15 16 1 15 36 1 16 37 1 17 18 1 17 19 1 19 38 1 
# 313 -1 8 7
22 5 22 15 15 20 20 20
1 2 1 1 3 1 1 6 1 1 7 1 3 4 1 3 5 1 4 8 1 
# 314 -1 17 17
22 22 22 18 22 22 18 22 15 20 20 20 20 20 20 20 20
1 2 1 1 8 1 1 10 1 2 3 1 2 11 1 3 4 1 3 5 1 4 12 1 4 13 1 5 6 1 5 14 1 6 7 1 6 8 1 7 15 1 7 16 1 8 9 1 9 17 1 
# 315 -1 14 14
22 22 22 22 15 22 22 15 20 20 20 20 20 20
1 2 1 1 7 1 1 9 1 2 3 1 2 10 1 3 4 1 3 11 1 4 5 1 4 6 1 5 12 1 6 7 1 6 13 1 7 8 1 8 14 1 
# 316 -1 12 12
15 22 22 22 22 15 20 20 20 20 20 20
1 2 1 2 3 1 2 6 1 3 4 1 3 7 1 3 8 1 4 5 1 4 9 1 4 10 1 5 6 1 5 11 1 5 12 1 
# 317 -1 38 39
22 22 22 22 22 22 18 22 22 14 15 15 15 8 22 22 22 22 18 22 22 14 15 15 15 8 20 20 20 20 20 20 20 20 20 20 20 20
1 2 1 1 15 1 1 27 1 2 3 1 2 28 1 3 4 1 3 9 1 4 5 1 4 29 1 5 6 1 5 30 1 6 7 1 6 8 1 7 31 1 7 32 1 8 9 1 8 33 1 9 10 1 10 11 1 10 12 1 10 13 1 13 14 1 15 16 1 15 21 1 16 17 1 16 34 1 17 18 1 17 35 1 18 19 1 18 20 1 19 36 1 19 37 1 20 21 1 20 38 1 21 22 1 22 23 1 22 24 1 22 25 1 25 26 1 
# 318 -1 26 27
22 22 22 15 22 22 22 5 22 22 22 22 22 22 22 20 20 20 20 20 20 20 20 20 20 20
1 2 1 1 7 1 1 16 1 2 3 1 2 17 1 3 4 1 3 5 1 4 18 1 5 6 1 5 9 1 6 7 1 6 19 1 7 8 1 9 10 1 9 20 1 9 21 1 10 11 1 10 15 1 11 12 1 11 22 1 12 13 1 12 23 1 13 14 1 13 24 1 14 15 1 14 25 1 15 26 1 
# 319 -1 40 42
22 22 22 18 22 22 18 22 22 22 22 22 22 14 22 22 22 22 22 22 20 20 20 20 20 20 20 20 20 20 20 20 20 20 20 20 20 20 20 20
1 2 1 1 7 1 1 21 1 1 22 1 2 3 1 2 4 1 2 23 1 3 24 1 3 25 1 3 26 1 4 5 1 4 6 1 5 27 1 5 28 1 5 29 1 6 30 1 6 31 1 6 32 1 7 8 1 7 20 1 8 9 1 8 13 1 9 10 1 9 33 1 10 11 1 10 34 1 11 12 1 11 35 1 12 13 1 12 36 1 13 14 1 14 15 1 15 16 1 15 20 1 16 17 1 16 37 1 17 18 1 17 38 1 18 19 1 18 39 1 19 20 1 19 40 1 
# 320 -1 47 48
22 22 15 22 22 22 22 22 22 15 22 15 22 22 22 15 22 22 22 22 22 22 15 22 15 22 22 20 20 20 20 20 20 20 20 20 20 20 20 20 20 20 20 20 20 20 20
1 2 1 1 15 1 1 28 1 1 29 1 2 3 1 2 4 1 4 5 1 4 30 1 5 6 1 5 31 1 6 7 1 6 14 1 7 8 1 7 32 1 8 9 1 8 33 1 9 10 1 9 11 1 10 34 1 11 12 1 11 14 1 12 13 1 13 35 1 13 36 1 13 37 1 14 38 1 15 16 1 15 17 1 17 18 1 17 39 1 18 19 1 18 40 1 19 20 1 19 27 1 20 21 1 20 41 1 21 22 1 21 42 1 22 23 1 22 24 1 23 43 1 24 25 1 24 27 1 25 26 1 26 44 1 26 45 1 26 46 1 27 47 1 
# 321 -1 21 21
22 22 15 15 22 22 22 22 22 22 22 20 20 20 20 20 20 20 20 20 20
1 2 1 1 12 1 1 13 1 1 14 1 2 3 1 2 4 1 4 5 1 5 6 1 5 15 1 5 16 1 6 7 1 6 11 1 7 8 1 7 17 1 8 9 1 8 18 1 9 10 1 9 19 1 10 11 1 10 20 1 11 21 1 
# 322 -1 47 49
15 16 15 22 22 22 22 22 22 22 15 22 22 22 22 22 22 22 15 22 22 22 22 22 22 22 20 20 20 20 20 20 20 20 20 20 20 20 20 20 20 20 20 20 20 20 20
1 2 1 2 3 1 2 11 1 2 19 1 3 4 1 4 5 1 4 9 1 5 6 1 5 27 1 6 7 1 6 28 1 7 8 1 7 29 1 8 9 1 8 30 1 9 10 1 10 31 1 10 32 1 10 33 1 11 12 1 12 13 1 12 17 1 13 14 1 13 34 1 14 15 1 14 35 1 15 16 1 15 36 1 16 17 1 16 37 1 17 18 1 18 38 1 18 39 1 18 40 1 19 20 1 20 21 1 20 25 1 21 22 1 21 41 1 22 23 1 22 42 1 23 24 1 23 43 1 24 25 1 24 44 1 25 26 1 26 45 1 26 46 1 26 47 1 
# 323 -1 55 56
22 22 22 22 22 22 22 14 22 22 22 22 15 22 22 22 22 22 22 22 22 22 22 22 15 20 20 20 20 20 20 20 20 20 20 20 20 20 20 20 20 20 20 20 20 20 20 20 20 20 20 20 20 20 20
1 2 1 1 3 1 1 4 1 1 5 1 2 26 1 2 27 1 2 28 1 3 29 1 3 30 1 3 31 1 4 32 1 4 33 1 4 34 1 5 6 1 5 24 1 6 7 1 6 35 1 7 8 1 7 21 1 8 9 1 9 10 1 9 15 1 10 11 1 10 36 1 11 12 1 11 17 1 12 13 1 12 14 1 13 37 1 14 15 1 14 38 1 15 16 1 16 39 1 16 40 1 16 41 1 17 18 1 17 19 1 17 20 1 18 42 1 18 43 1 18 44 1 19 45 1 19 46 1 19 47 1 20 48 1 20 49 1 20 50 1 21 22 1 21 23 1 22 51 1 22 52 1 22 53 1 23 24 1 23 54 1 24 25 1 25 55 1 
# 324 -1 11 11
5 22 5 22 5 22 5 22 5 22 5
1 2 1 2 3 1 2 4 1 2 10 1 4 5 1 4 6 1 6 7 1 6 8 1 8 9 1 8 10 1 10 11 1 
# 325 -1 72 73
22 22 22 22 22 22 22 22 22 22 22 22 15 22 22 15 22 22 18 22 22 22 22 22 22 22 22 22 22 22 20 20 20 20 20 20 20 20 20 20 20 20 20 20 20 20 20 20 20 20 20 20 20 20 20 20 20 20 20 20 20 20 20 20 20 20 20 20 20 20 20 20
1 2 1 1 3 1 1 4 1 1 9 1 2 31 1 2 32 1 2 33 1 3 34 1 3 35 1 3 36 1 4 5 1 4 37 1 4 38 1 5 6 1 5 7 1 5 8 1 6 39 1 6 40 1 6 41 1 7 42 1 7 43 1 7 44 1 8 45 1 8 46 1 8 47 1 9 10 1 9 30 1 10 11 1 10 48 1 11 12 1 11 49 1 12 13 1 12 29 1 13 14 1 14 15 1 14 50 1 14 51 1 15 16 1 15 52 1 15 53 1 16 17 1 17 18 1 17 54 1 17 55 1 18 19 1 18 56 1 18 57 1 19 20 1 19 21 1 19 22 1 20 58 1 20 59 1 20 60 1 21 61 1 21 62 1 21 63 1 22 23 1 22 64 1 22 65 1 23 24 1 23 28 1 24 25 1 24 66 1 25 26 1 25 67 1 26 27 1 26 68 1 27 28 1 27 69 1 28 70 1 29 30 1 29 71 1 30 72 1 
# 326 -1 36 37
22 22 15 15 22 22 22 22 22 22 22 22 22 22 22 22 18 20 20 20 20 20 20 20 20 20 20 20 20 20 20 20 20 20 20 20
1 2 1 1 6 1 1 12 1 1 18 1 2 3 1 2 4 1 4 5 1 5 19 1 5 20 1 5 21 1 6 7 1 6 11 1 7 8 1 7 22 1 8 9 1 8 23 1 9 10 1 9 24 1 10 11 1 10 25 1 11 26 1 12 13 1 12 17 1 12 27 1 13 14 1 13 28 1 13 29 1 14 15 1 14 30 1 14 31 1 15 16 1 15 32 1 15 33 1 16 17 1 16 34 1 16 35 1 17 36 1 
# 327 -1 17 17
22 22 22 22 22 22 22 15 15 18 15 15 20 20 20 20 20
1 2 1 1 6 1 1 13 1 2 3 1 2 14 1 3 4 1 3 10 1 4 5 1 4 15 1 5 6 1 5 16 1 6 7 1 7 8 1 7 9 1 8 17 1 10 11 1 10 12 1 
# 328 -1 43 46
22 18 22 22 22 15 22 15 22 22 15 22 22 22 22 22 22 22 22 22 15 22 20 20 20 20 20 20 20 20 20 20 20 20 20 20 20 20 20 20 20 20 20
1 2 1 1 23 1 1 24 1 1 25 1 2 3 1 2 19 1 3 4 1 3 22 1 3 26 1 4 5 1 4 27 1 4 28 1 5 6 1 5 18 1 5 29 1 6 7 1 7 8 1 7 9 1 9 10 1 9 12 1 9 30 1 10 11 1 10 31 1 10 32 1 11 33 1 12 13 1 12 17 1 13 14 1 13 34 1 14 15 1 14 35 1 15 16 1 15 36 1 16 17 1 16 37 1 17 38 1 18 19 1 18 39 1 18 40 1 19 20 1 19 41 1 20 21 1 20 22 1 20 42 1 21 22 1 22 43 1 
# 329 -1 53 55
22 22 22 22 22 22 15 22 22 22 22 22 22 22 22 22 15 22 22 22 22 22 22 20 20 20 20 20 20 20 20 20 20 20 20 20 20 20 20 20 20 20 20 20 20 20 20 20 20 20 20 20 20
1 2 1 1 24 1 1 25 1 1 26 1 2 3 1 2 23 1 3 4 1 3 27 1 4 5 1 4 21 1 4 28 1 5 6 1 5 16 1 6 7 1 6 8 1 7 29 1 8 9 1 8 30 1 9 10 1 9 15 1 10 11 1 10 31 1 10 32 1 11 12 1 11 33 1 11 34 1 12 13 1 12 35 1 12 36 1 13 14 1 13 37 1 13 38 1 14 39 1 14 40 1 14 41 1 15 16 1 15 42 1 16 17 1 17 18 1 18 19 1 18 20 1 18 21 1 19 43 1 19 44 1 19 45 1 20 46 1 20 47 1 20 48 1 21 22 1 21 49 1 22 23 1 22 50 1 22 51 1 23 52 1 23 53 1 
# 330 -1 43 47
22 22 22 22 22 15 22 22 15 22 22 15 22 22 22 22 22 18 22 22 22 22 20 20 20 20 20 20 20 20 20 20 20 20 20 20 20 20 20 20 20 20 20
1 2 1 1 8 1 1 22 1 2 3 1 2 17 1 3 4 1 3 23 1 4 5 1 4 24 1 5 6 1 5 8 1 6 7 1 7 25 1 7 26 1 7 27 1 8 9 1 9 10 1 10 11 1 10 22 1 10 28 1 11 12 1 11 13 1 11 29 1 12 30 1 13 14 1 13 31 1 14 15 1 14 32 1 15 16 1 15 22 1 15 33 1 16 17 1 16 18 1 16 34 1 17 35 1 17 36 1 18 19 1 18 20 1 19 37 1 19 38 1 19 39 1 20 21 1 20 40 1 20 41 1 21 22 1 21 42 1 21 43 1 
# 331 -1 26 26
22 22 22 22 22 22 22 15 22 22 22 15 20 20 20 20 20 20 20 20 20 20 20 20 20 20
1 2 1 1 3 1 1 4 1 1 5 1 2 13 1 2 14 1 2 15 1 3 16 1 3 17 1 3 18 1 4 19 1 4 20 1 4 21 1 5 6 1 5 11 1 6 7 1 6 22 1 7 8 1 7 9 1 8 23 1 9 10 1 9 24 1 10 11 1 10 25 1 11 12 1 12 26 1 
# 332 -1 7 6
22 18 15 15 20 20 20
1 2 1 1 5 1 1 6 1 1 7 1 2 3 1 2 4 1 
# 333 -1 22 22
22 22 22 22 22 22 22 22 14 15 15 15 8 20 20 20 20 20 20 20 20 20
1 2 1 1 3 1 1 8 1 2 14 1 2 15 1 2 16 1 3 4 1 3 17 1 4 5 1 4 6 1 5 18 1 5 19 1 5 20 1 6 7 1 6 21 1 7 8 1 7 9 1 8 22 1 9 10 1 9 11 1 9 12 1 12 13 1 
# 334 -1 13 12
22 22 22 22 15 20 20 20 20 20 20 20 20
1 2 1 1 3 1 1 4 1 1 6 1 2 7 1 2 8 1 2 9 1 3 10 1 3 11 1 3 12 1 4 5 1 4 13 1 
# 335 -1 21 22
15 22 18 22 22 15 18 22 22 22 18 22 18 20 20 20 20 20 20 20 20
1 2 1 2 3 1 2 10 1 3 4 1 3 5 1 4 14 1 4 15 1 4 16 1 5 6 1 5 7 1 7 8 1 7 9 1 8 17 1 8 18 1 8 19 1 9 10 1 9 13 1 10 11 1 11 12 1 12 13 1 12 20 1 13 21 1 
# 336 -1 12 11
22 22 15 22 5 20 20 20 20 20 20 20
1 2 1 1 3 1 1 4 1 1 6 1 2 7 1 2 8 1 2 9 1 3 10 1 4 5 1 4 11 1 4 12 1 
# 337 -1 18 17
18 22 22 15 22 22 15 20 20 20 20 20 20 20 20 20 20 20
1 2 1 1 5 1 1 8 1 2 3 1 2 9 1 2 10 1 3 4 1 3 11 1 3 12 1 4 13 1 5 6 1 5 14 1 5 15 1 6 7 1 6 16 1 6 17 1 7 18 1 
# 338 -1 54 53
22 22 22 22 22 22 22 22 22 22 22 22 18 22 22 15 22 22 15 20 20 20 20 20 20 20 20 20 20 20 20 20 20 20 20 20 20 20 20 20 20 20 20 20 20 20 20 20 20 20 20 20 20 20
1 2 1 1 20 1 1 21 1 1 22 1 2 3 1 2 23 1 2 24 1 3 4 1 3 25 1 3 26 1 4 5 1 4 27 1 4 28 1 5 6 1 5 29 1 5 30 1 6 7 1 6 31 1 6 32 1 7 8 1 7 33 1 7 34 1 8 9 1 8 35 1 8 36 1 9 10 1 9 37 1 9 38 1 10 11 1 10 39 1 10 40 1 11 12 1 11 41 1 11 42 1 12 13 1 12 43 1 12 44 1 13 14 1 13 17 1 14 15 1 14 45 1 14 46 1 15 16 1 15 47 1 15 48 1 16 49 1 17 18 1 17 50 1 17 51 1 18 19 1 18 52 1 18 53 1 19 54 1 
# 339 -1 67 66
22 22 22 22 22 22 22 22 22 22 22 22 22 22 22 22 22 22 15 18 22 22 22 22 20 20 20 20 20 20 20 20 20 20 20 20 20 20 20 20 20 20 20 20 20 20 20 20 20 20 20 20 20 20 20 20 20 20 20 20 20 20 20 20 20 20 20
1 2 1 1 9 1 1 25 1 1 26 1 2 3 1 2 27 1 2 28 1 3 4 1 3 29 1 3 30 1 4 5 1 4 31 1 4 32 1 5 6 1 5 33 1 5 34 1 6 7 1 6 35 1 6 36 1 7 8 1 7 37 1 7 38 1 8 39 1 8 40 1 8 41 1 9 10 1 9 42 1 10 11 1 10 43 1 11 12 1 11 44 1 11 45 1 12 13 1 12 46 1 12 47 1 13 14 1 13 48 1 13 49 1 14 15 1 14 50 1 14 51 1 15 16 1 15 52 1 15 53 1 16 17 1 16 54 1 16 55 1 17 18 1 17 56 1 17 57 1 18 19 1 18 20 1 20 21 1 20 23 1 21 22 1 21 58 1 21 59 1 22 60 1 22 61 1 22 62 1 23 24 1 23 63 1 23 64 1 24 65 1 24 66 1 24 67 1 
# 340 -1 22 21
22 22 22 22 15 22 22 15 20 20 20 20 20 20 20 20 20 20 20 20 20 20
1 2 1 1 9 1 1 10 1 1 11 1 2 3 1 2 12 1 2 13 1 3 4 1 3 14 1 3 15 1 4 5 1 4 16 1 4 17 1 5 6 1 6 7 1 6 18 1 6 19 1 7 8 1 7 20 1 7 21 1 8 22 1 
# 341 -1 15 14
22 15 22 22 22 22 15 20 20 20 20 20 20 20 20
1 2 1 1 3 1 1 8 1 3 4 1 3 9 1 3 10 1 4 5 1 4 11 1 4 12 1 5 6 1 5 13 1 5 14 1 6 7 1 6 15 1 
# 342 -1 30 32
22 22 15 22 22 15 22 22 22 15 22 22 22 22 22 22 15 22 22 15 20 20 20 20 20 20 20 20 20 20
1 2 1 1 8 1 1 19 1 2 3 1 2 4 1 3 21 1 4 5 1 4 22 1 5 6 1 5 7 1 6 23 1 7 8 1 7 24 1 8 9 1 9 10 1 9 11 1 11 12 1 11 18 1 12 13 1 12 25 1 13 14 1 13 15 1 14 26 1 14 27 1 14 28 1 15 16 1 15 29 1 16 17 1 16 18 1 17 30 1 18 19 1 19 20 1 
# 343 -1 4 3
15 18 15 8
1 2 1 2 3 1 3 4 1 
# 344 -1 25 26
14 15 15 22 22 22 22 5 22 22 22 22 22 22 5 22 22 20 20 20 20 20 20 20 20
1 2 1 1 3 1 1 4 1 1 11 1 4 5 1 4 10 1 5 6 1 5 18 1 6 7 1 6 19 1 7 8 1 7 9 1 9 10 1 9 20 1 10 21 1 11 12 1 11 17 1 12 13 1 12 22 1 13 14 1 13 23 1 14 15 1 14 16 1 16 17 1 16 24 1 17 25 1 
$
