# 1 1 23 27
3 3 3 3 3 3 3 3 3 3 3 3 3 3 3 3 3 3 3 3 6 7 7
1 2 1 1 14 1 2 3 1 3 4 1 3 12 1 4 5 1 5 6 1 6 7 1 6 11 1 7 8 1 7 21 1 8 9 1 9 10 1 10 11 1 10 16 1 11 12 1 12 13 1 13 14 1 13 15 1 15 16 1 15 20 1 16 17 1 17 18 1 18 19 1 19 20 1 21 22 1 21 23 1 
# 2 1 26 28
3 3 3 3 3 3 3 7 3 3 3 3 3 3 6 7 7 6 7 7 6 7 7 6 7 7
1 2 1 1 6 1 2 3 1 2 24 1 3 4 1 4 5 1 4 21 1 5 6 1 5 10 1 6 7 1 7 8 1 7 9 1 9 10 1 9 14 1 10 11 1 11 12 1 11 18 1 12 13 1 13 14 1 13 15 1 15 16 1 15 17 1 18 19 1 18 20 1 21 22 1 21 23 1 24 25 1 24 26 1 
# 3 1 19 22
3 3 3 3 3 3 3 3 3 3 3 3 3 3 3 3 6 7 7
1 2 1 1 14 1 2 3 1 3 4 1 3 12 1 4 5 1 5 6 1 6 7 1 6 11 1 7 8 1 8 9 1 8 17 1 9 10 1 10 11 1 10 16 1 11 12 1 12 13 1 13 14 1 13 15 1 15 16 1 17 18 1 17 19 1 
# 4 1 23 27
3 3 3 3 3 3 3 3 3 3 3 3 3 3 3 3 3 3 3 3 6 7 7
1 2 1 1 14 1 2 3 1 3 4 1 3 12 1 4 5 1 5 6 1 6 7 1 6 11 1 7 8 1 8 9 1 9 10 1 9 21 1 10 11 1 10 16 1 11 12 1 12 13 1 13 14 1 13 15 1 15 16 1 15 20 1 16 17 1 17 18 1 18 19 1 19 20 1 21 22 1 21 23 1 
# 5 1 17 19
3 3 3 3 3 3 3 3 3 6 3 3 6 3 6 7 7
1 2 1 1 14 1 2 3 1 3 4 1 3 12 1 4 5 1 5 6 1 5 15 1 6 7 1 6 11 1 7 8 1 8 9 1 9 10 1 10 11 1 11 12 1 12 13 1 13 14 1 15 16 1 15 17 1 
# 6 1 20 23
3 3 3 3 3 3 3 3 3 3 3 3 3 3 3 3 7 6 7 7
1 2 1 1 14 1 2 3 1 3 4 1 3 12 1 4 5 1 5 6 1 6 7 1 6 11 1 7 8 1 8 9 1 9 10 1 9 18 1 10 11 1 10 16 1 11 12 1 12 13 1 13 14 1 13 15 1 15 16 1 16 17 1 18 19 1 18 20 1 
# 7 1 25 28
3 3 3 3 3 3 3 3 3 3 3 3 3 3 3 3 6 7 7 6 7 7 6 7 7
1 2 1 1 6 1 2 3 1 3 4 1 4 5 1 4 13 1 5 6 1 5 7 1 7 8 1 7 12 1 8 9 1 9 10 1 9 23 1 10 11 1 11 12 1 11 16 1 12 13 1 13 14 1 14 15 1 15 16 1 15 20 1 16 17 1 17 18 1 17 19 1 20 21 1 20 22 1 23 24 1 23 25 1 
# 8 1 19 22
3 3 3 3 3 3 3 3 3 3 3 3 3 3 3 3 6 7 7
1 2 1 1 6 1 2 3 1 3 4 1 4 5 1 4 13 1 5 6 1 5 7 1 7 8 1 7 12 1 8 9 1 9 10 1 10 11 1 11 12 1 11 16 1 12 13 1 13 14 1 14 15 1 15 16 1 16 17 1 17 18 1 17 19 1 
# 9 1 28 33
3 3 3 3 3 3 3 3 3 3 3 3 3 3 3 3 3 3 3 3 3 3 6 7 7 6 7 7
1 2 1 1 14 1 2 3 1 3 4 1 3 12 1 4 5 1 5 6 1 6 7 1 6 11 1 7 8 1 7 26 1 8 9 1 9 10 1 10 11 1 10 19 1 11 12 1 12 13 1 13 14 1 13 18 1 14 15 1 15 16 1 16 17 1 17 18 1 17 22 1 18 19 1 19 20 1 20 21 1 21 22 1 22 23 1 23 24 1 23 25 1 26 27 1 26 28 1 
# 10 1 17 19
3 3 3 3 3 3 3 3 3 3 3 3 3 3 6 7 7
1 2 1 2 3 1 2 7 1 3 4 1 4 5 1 5 6 1 5 10 1 6 7 1 6 8 1 8 9 1 9 10 1 9 14 1 10 11 1 11 12 1 12 13 1 13 14 1 13 15 1 15 16 1 15 17 1 
# 11 1 15 17
3 3 3 3 3 3 3 3 3 3 3 3 6 7 7
1 2 1 1 10 1 2 3 1 3 4 1 3 8 1 4 5 1 5 6 1 6 7 1 6 13 1 7 8 1 7 12 1 8 9 1 9 10 1 9 11 1 11 12 1 13 14 1 13 15 1 
# 12 1 12 13
3 3 3 3 3 3 6 7 7 3 3 3
1 2 1 1 6 1 2 3 1 3 4 1 3 12 1 4 5 1 4 10 1 5 6 1 6 7 1 7 8 1 7 9 1 10 11 1 11 12 1 
# 13 1 21 22
3 3 3 3 3 3 6 7 7 3 3 3 3 3 3 6 7 7 6 7 7
1 2 1 1 6 1 2 3 1 3 4 1 3 10 1 4 5 1 5 6 1 5 7 1 7 8 1 7 9 1 10 11 1 10 15 1 11 12 1 12 13 1 13 14 1 13 19 1 14 15 1 15 16 1 16 17 1 16 18 1 19 20 1 19 21 1 
# 14 1 23 27
3 3 3 3 3 3 3 3 3 3 3 3 3 3 3 3 6 7 7 3 3 3 3
1 2 1 1 10 1 2 3 1 3 4 1 3 8 1 4 5 1 4 23 1 5 6 1 5 20 1 6 7 1 7 8 1 7 16 1 8 9 1 9 10 1 9 14 1 10 11 1 11 12 1 12 13 1 13 14 1 13 17 1 14 15 1 15 16 1 17 18 1 17 19 1 20 21 1 21 22 1 22 23 1 
# 15 1 17 19
3 3 3 3 3 3 3 3 3 3 3 3 3 3 6 7 7
1 2 1 1 6 1 2 3 1 3 4 1 4 5 1 4 10 1 5 6 1 5 7 1 7 8 1 8 9 1 8 15 1 9 10 1 9 14 1 10 11 1 11 12 1 12 13 1 13 14 1 15 16 1 15 17 1 
# 16 1 25 28
3 3 3 3 3 3 3 3 3 3 3 3 3 3 3 3 6 7 7 6 7 7 6 7 7
1 2 1 1 6 1 2 3 1 3 4 1 4 5 1 4 13 1 5 6 1 5 7 1 7 8 1 7 12 1 8 9 1 9 10 1 9 23 1 10 11 1 11 12 1 11 16 1 12 13 1 13 14 1 14 15 1 14 20 1 15 16 1 15 17 1 17 18 1 17 19 1 20 21 1 20 22 1 23 24 1 23 25 1 
# 17 1 21 24
3 3 3 3 3 3 3 3 3 3 3 3 3 3 3 3 3 3 6 7 7
1 2 1 1 6 1 2 3 1 3 4 1 4 5 1 4 10 1 5 6 1 5 7 1 7 8 1 8 9 1 9 10 1 9 14 1 10 11 1 11 12 1 12 13 1 12 19 1 13 14 1 13 18 1 14 15 1 15 16 1 16 17 1 17 18 1 19 20 1 19 21 1 
# 18 1 19 22
3 3 3 3 3 3 3 3 3 3 3 3 3 3 3 3 6 7 7
1 2 1 1 14 1 2 3 1 3 4 1 3 12 1 4 5 1 5 6 1 6 7 1 6 11 1 7 8 1 8 9 1 8 17 1 9 10 1 10 11 1 10 16 1 11 12 1 12 13 1 13 14 1 13 15 1 15 16 1 17 18 1 17 19 1 
# 19 1 20 22
3 3 3 3 3 3 6 7 7 6 3 3 3 3 3 3 6 6 7 7
1 2 1 1 6 1 2 3 1 3 4 1 3 17 1 4 5 1 4 10 1 5 6 1 5 7 1 7 8 1 7 9 1 10 11 1 11 12 1 11 16 1 12 13 1 13 14 1 14 15 1 14 18 1 15 16 1 16 17 1 18 19 1 18 20 1 
# 20 1 21 22
3 3 3 3 3 3 6 7 7 3 3 3 3 3 3 6 7 7 6 7 7
1 2 1 1 6 1 2 3 1 3 4 1 3 10 1 4 5 1 5 6 1 5 7 1 7 8 1 7 9 1 10 11 1 10 15 1 11 12 1 12 13 1 13 14 1 13 19 1 14 15 1 14 16 1 16 17 1 16 18 1 19 20 1 19 21 1 
# 21 1 15 17
3 3 3 3 3 3 3 3 3 3 6 7 7 3 3
1 2 1 1 10 1 2 3 1 3 4 1 3 15 1 4 5 1 4 9 1 5 6 1 5 14 1 6 7 1 7 8 1 8 9 1 8 11 1 9 10 1 11 12 1 11 13 1 14 15 1 
# 22 1 20 23
3 3 3 3 3 3 3 3 3 3 3 3 3 3 3 3 6 6 7 7
1 2 1 1 10 1 2 3 1 3 4 1 3 8 1 4 5 1 5 6 1 6 7 1 6 18 1 7 8 1 7 16 1 8 9 1 9 10 1 9 14 1 10 11 1 11 12 1 12 13 1 13 14 1 13 17 1 14 15 1 15 16 1 18 19 1 18 20 1 
# 23 1 22 25
3 3 3 3 3 3 3 3 3 3 3 3 3 3 3 3 6 7 7 6 7 7
1 2 1 1 10 1 2 3 1 3 4 1 3 8 1 4 5 1 5 6 1 5 20 1 6 7 1 7 8 1 7 16 1 8 9 1 9 10 1 9 14 1 10 11 1 11 12 1 12 13 1 12 17 1 13 14 1 14 15 1 15 16 1 17 18 1 17 19 1 20 21 1 20 22 1 
# 24 1 20 23
3 3 3 3 3 3 3 3 3 3 3 3 3 3 3 3 7 6 7 7
1 2 1 1 14 1 2 3 1 3 4 1 3 12 1 4 5 1 5 6 1 6 7 1 6 11 1 7 8 1 7 18 1 8 9 1 9 10 1 9 17 1 10 11 1 10 16 1 11 12 1 12 13 1 13 14 1 13 15 1 15 16 1 18 19 1 18 20 1 
# 25 1 22 25
3 3 3 3 3 3 3 3 3 3 3 3 3 3 3 3 6 7 7 6 7 7
1 2 1 1 6 1 2 3 1 3 4 1 4 5 1 4 13 1 5 6 1 5 7 1 7 8 1 7 12 1 8 9 1 9 10 1 10 11 1 11 12 1 11 16 1 12 13 1 13 14 1 14 15 1 15 16 1 15 20 1 16 17 1 17 18 1 17 19 1 20 21 1 20 22 1 
# 26 1 22 25
3 3 3 3 3 3 3 3 3 3 3 3 3 3 3 3 6 7 7 6 7 7
1 2 1 1 6 1 2 3 1 3 4 1 4 5 1 4 13 1 5 6 1 5 7 1 7 8 1 7 12 1 8 9 1 9 10 1 10 11 1 10 20 1 11 12 1 11 16 1 12 13 1 13 14 1 14 15 1 15 16 1 15 17 1 17 18 1 17 19 1 20 21 1 20 22 1 
# 27 1 16 17
3 3 3 3 3 3 3 3 3 3 6 7 7 6 7 7
1 2 1 1 10 1 2 3 1 3 4 1 3 8 1 4 5 1 5 6 1 6 7 1 7 8 1 7 14 1 8 9 1 9 10 1 9 11 1 11 12 1 11 13 1 14 15 1 14 16 1 
# 28 1 16 17
3 3 3 3 3 3 6 3 3 3 3 3 3 6 7 7
1 2 1 1 6 1 2 3 1 3 4 1 3 8 1 4 5 1 5 6 1 5 7 1 8 9 1 8 13 1 9 10 1 10 11 1 11 12 1 11 14 1 12 13 1 14 15 1 14 16 1 
# 29 1 16 17
3 3 3 3 3 3 3 3 3 3 3 3 6 7 7 6
1 2 1 1 6 1 2 3 1 3 4 1 3 16 1 4 5 1 5 6 1 6 7 1 7 8 1 7 12 1 8 9 1 9 10 1 10 11 1 10 13 1 11 12 1 13 14 1 13 15 1 
# 30 1 15 17
3 3 3 3 3 3 3 3 3 3 3 3 6 7 7
1 2 1 1 10 1 2 3 1 3 4 1 3 8 1 4 5 1 5 6 1 6 7 1 6 13 1 7 8 1 7 12 1 8 9 1 9 10 1 9 11 1 11 12 1 13 14 1 13 15 1 
# 31 1 20 22
3 3 3 3 3 3 6 7 7 6 3 3 3 3 3 3 6 6 7 7
1 2 1 1 6 1 2 3 1 3 4 1 3 17 1 4 5 1 4 10 1 5 6 1 6 7 1 7 8 1 7 9 1 10 11 1 11 12 1 11 16 1 12 13 1 13 14 1 14 15 1 14 18 1 15 16 1 16 17 1 18 19 1 18 20 1 
# 32 1 12 13
3 3 3 3 6 6 3 3 3 6 7 7
1 2 1 1 9 1 2 3 1 3 4 1 3 7 1 4 5 1 5 6 1 6 7 1 7 8 1 8 9 1 8 10 1 10 11 1 10 12 1 
# 33 1 22 25
3 3 3 3 3 3 3 3 3 3 3 3 3 3 3 3 6 7 7 6 7 7
1 2 1 1 6 1 2 3 1 3 4 1 4 5 1 4 13 1 5 6 1 5 7 1 7 8 1 7 12 1 8 9 1 9 10 1 9 20 1 10 11 1 11 12 1 11 16 1 12 13 1 13 14 1 14 15 1 15 16 1 15 17 1 17 18 1 17 19 1 20 21 1 20 22 1 
# 34 1 15 17
3 3 3 3 3 3 3 3 3 3 6 7 7 3 3
1 2 1 1 10 1 2 3 1 3 4 1 3 15 1 4 5 1 4 9 1 5 6 1 5 14 1 6 7 1 7 8 1 8 9 1 8 11 1 9 10 1 11 12 1 11 13 1 14 15 1 
# 35 1 20 23
3 3 3 3 3 3 3 3 3 3 3 3 3 3 3 3 7 6 7 7
1 2 1 1 10 1 2 3 1 3 4 1 3 8 1 4 5 1 4 18 1 5 6 1 6 7 1 7 8 1 7 16 1 8 9 1 9 10 1 9 14 1 10 11 1 11 12 1 12 13 1 13 14 1 13 17 1 14 15 1 15 16 1 18 19 1 18 20 1 
# 36 1 20 22
3 3 7 6 3 3 3 3 3 3 3 3 3 3 3 3 3 6 7 7
1 2 1 2 3 1 2 4 1 4 5 1 5 6 1 5 10 1 6 7 1 7 8 1 8 9 1 8 13 1 9 10 1 9 11 1 11 12 1 12 13 1 12 17 1 13 14 1 14 15 1 15 16 1 16 17 1 16 18 1 18 19 1 18 20 1 
# 37 1 20 23
3 3 3 3 3 3 3 3 3 3 3 3 3 3 3 3 6 7 7 7
1 2 1 1 10 1 2 3 1 3 4 1 3 8 1 4 5 1 5 6 1 6 7 1 6 20 1 7 8 1 7 16 1 8 9 1 9 10 1 9 14 1 10 11 1 11 12 1 12 13 1 13 14 1 13 17 1 14 15 1 15 16 1 17 18 1 17 19 1 
# 38 1 19 22
3 3 3 3 3 3 3 3 3 3 3 3 3 3 3 3 6 7 7
1 2 1 1 14 1 2 3 1 3 4 1 3 12 1 4 5 1 5 6 1 6 7 1 6 11 1 7 8 1 8 9 1 9 10 1 9 17 1 10 11 1 10 16 1 11 12 1 12 13 1 13 14 1 13 15 1 15 16 1 17 18 1 17 19 1 
# 39 1 26 30
3 3 3 3 3 3 3 3 3 3 3 3 3 3 3 3 3 3 3 3 6 7 7 6 7 7
1 2 1 1 6 1 2 3 1 3 4 1 4 5 1 4 14 1 5 6 1 5 7 1 7 8 1 7 12 1 8 9 1 9 10 1 10 11 1 10 24 1 11 12 1 11 20 1 12 13 1 13 14 1 13 18 1 14 15 1 15 16 1 15 21 1 16 17 1 17 18 1 18 19 1 19 20 1 21 22 1 21 23 1 24 25 1 24 26 1 
# 40 1 24 25
3 3 3 3 3 3 3 3 3 3 3 3 6 7 7 6 7 7 6 7 7 6 7 7
1 2 1 1 6 1 2 3 1 3 4 1 3 22 1 4 5 1 4 19 1 5 6 1 6 7 1 7 8 1 7 12 1 8 9 1 9 10 1 10 11 1 10 16 1 11 12 1 11 13 1 13 14 1 13 15 1 16 17 1 16 18 1 19 20 1 19 21 1 22 23 1 22 24 1 
# 41 1 22 25
3 3 3 3 3 3 3 3 3 3 3 3 3 3 3 3 6 7 7 6 7 7
1 2 1 1 10 1 2 3 1 3 4 1 3 8 1 4 5 1 5 6 1 5 20 1 6 7 1 7 8 1 7 16 1 8 9 1 9 10 1 9 14 1 10 11 1 11 12 1 12 13 1 12 17 1 13 14 1 14 15 1 15 16 1 17 18 1 17 19 1 20 21 1 20 22 1 
# 42 1 22 25
3 3 3 3 3 3 3 3 3 3 3 3 3 3 3 3 6 7 7 6 7 7
1 2 1 1 14 1 2 3 1 3 4 1 3 12 1 4 5 1 5 6 1 6 7 1 6 11 1 7 8 1 7 20 1 8 9 1 9 10 1 9 17 1 10 11 1 10 16 1 11 12 1 12 13 1 13 14 1 13 15 1 15 16 1 17 18 1 17 19 1 20 21 1 20 22 1 
# 43 1 19 22
3 3 3 3 3 3 3 3 3 3 3 3 3 3 3 3 6 7 7
1 2 1 1 10 1 2 3 1 3 4 1 3 8 1 4 5 1 5 6 1 6 7 1 7 8 1 7 12 1 8 9 1 9 10 1 9 11 1 11 12 1 11 16 1 12 13 1 13 14 1 14 15 1 14 17 1 15 16 1 17 18 1 17 19 1 
# 44 1 23 26
3 3 7 7 3 3 3 3 3 3 3 3 3 3 3 3 3 3 3 3 6 7 7
1 2 1 2 3 1 2 4 1 4 5 1 5 6 1 5 18 1 6 7 1 7 8 1 7 21 1 8 9 1 8 17 1 9 10 1 10 11 1 11 12 1 11 16 1 12 13 1 13 14 1 14 15 1 15 16 1 15 20 1 16 17 1 17 18 1 18 19 1 19 20 1 21 22 1 21 23 1 
# 45 1 22 25
3 3 3 3 3 3 3 3 3 3 3 3 3 3 3 3 6 7 7 6 7 7
1 2 1 1 10 1 2 3 1 3 4 1 3 8 1 4 5 1 4 20 1 5 6 1 6 7 1 7 8 1 7 16 1 8 9 1 9 10 1 9 14 1 10 11 1 11 12 1 12 13 1 13 14 1 13 17 1 14 15 1 15 16 1 17 18 1 17 19 1 20 21 1 20 22 1 
# 46 1 13 13
3 3 3 3 3 3 6 7 7 6 7 7 4
1 2 1 1 6 1 2 3 1 3 4 1 3 13 1 4 5 1 4 10 1 5 6 1 6 7 1 7 8 1 7 9 1 10 11 1 10 12 1 
# 47 1 22 25
3 3 3 3 3 3 3 3 3 3 3 3 3 3 3 3 6 7 7 6 7 7
1 2 1 1 6 1 2 3 1 3 4 1 4 5 1 4 13 1 5 6 1 5 7 1 7 8 1 7 12 1 8 9 1 9 10 1 10 11 1 10 20 1 11 12 1 11 16 1 12 13 1 13 14 1 14 15 1 15 16 1 16 17 1 17 18 1 17 19 1 20 21 1 20 22 1 
# 48 1 17 19
3 3 3 3 3 3 6 3 3 3 3 3 3 6 6 7 7
1 2 1 1 6 1 2 3 1 3 4 1 4 5 1 4 14 1 5 6 1 5 7 1 7 8 1 8 9 1 8 13 1 9 10 1 10 11 1 11 12 1 12 13 1 12 15 1 13 14 1 15 16 1 15 17 1 
# 49 1 24 25
3 3 3 3 3 3 6 7 7 6 7 7 3 3 3 3 3 3 6 7 7 6 7 7
1 2 1 1 6 1 2 3 1 3 4 1 3 13 1 4 5 1 4 10 1 5 6 1 6 7 1 7 8 1 7 9 1 10 11 1 10 12 1 13 14 1 13 18 1 14 15 1 15 16 1 16 17 1 16 22 1 17 18 1 18 19 1 19 20 1 19 21 1 22 23 1 22 24 1 
# 50 1 12 13
3 3 3 3 3 6 6 3 3 6 7 7
1 2 1 1 9 1 2 3 1 3 4 1 3 10 1 4 5 1 5 6 1 5 9 1 6 7 1 7 8 1 8 9 1 10 11 1 10 12 1 
# 51 1 21 22
3 3 3 3 3 3 3 3 3 3 3 3 6 7 7 6 7 7 6 7 7
1 2 1 1 6 1 2 3 1 3 4 1 3 19 1 4 5 1 5 6 1 6 7 1 7 8 1 7 12 1 8 9 1 9 10 1 10 11 1 10 16 1 11 12 1 11 13 1 13 14 1 13 15 1 16 17 1 16 18 1 19 20 1 19 21 1 
# 52 1 22 25
3 3 3 3 3 3 3 3 3 3 3 3 3 3 3 3 6 7 7 6 7 7
1 2 1 1 10 1 2 3 1 3 4 1 3 8 1 4 5 1 4 20 1 5 6 1 6 7 1 7 8 1 7 12 1 8 9 1 9 10 1 9 11 1 11 12 1 11 16 1 12 13 1 13 14 1 14 15 1 14 17 1 15 16 1 17 18 1 17 19 1 20 21 1 20 22 1 
# 53 1 12 13
3 3 3 3 3 3 6 7 7 3 3 3
1 2 1 1 6 1 2 3 1 3 4 1 3 12 1 4 5 1 4 10 1 5 6 1 6 7 1 7 8 1 7 9 1 10 11 1 11 12 1 
# 54 1 20 22
3 3 3 3 3 3 6 7 7 6 3 3 6 3 3 3 3 6 7 7
1 2 1 1 6 1 2 3 1 3 4 1 3 13 1 4 5 1 4 10 1 5 6 1 5 7 1 7 8 1 7 9 1 10 11 1 11 12 1 11 17 1 12 13 1 12 14 1 14 15 1 15 16 1 16 17 1 17 18 1 18 19 1 18 20 1 
# 55 1 13 14
3 6 6 3 3 3 3 3 3 3 6 7 7
1 2 1 2 3 1 2 6 1 3 4 1 4 5 1 4 10 1 5 6 1 5 7 1 7 8 1 8 9 1 9 10 1 10 11 1 11 12 1 11 13 1 
# 56 1 28 33
3 3 3 3 3 3 3 3 3 3 3 3 3 3 3 3 3 3 3 3 3 3 6 7 7 6 7 7
1 2 1 1 14 1 2 3 1 3 4 1 3 12 1 4 5 1 5 6 1 6 7 1 6 11 1 7 8 1 7 26 1 8 9 1 9 10 1 10 11 1 10 19 1 11 12 1 12 13 1 13 14 1 13 18 1 14 15 1 15 16 1 16 17 1 17 18 1 17 22 1 18 19 1 19 20 1 20 21 1 20 23 1 21 22 1 23 24 1 23 25 1 26 27 1 26 28 1 
# 57 1 22 25
3 3 3 3 3 3 3 3 3 3 3 3 3 3 3 3 6 7 7 6 7 7
1 2 1 1 10 1 2 3 1 3 4 1 3 8 1 4 5 1 5 6 1 6 7 1 6 20 1 7 8 1 7 16 1 8 9 1 9 10 1 9 14 1 10 11 1 11 12 1 12 13 1 13 14 1 13 17 1 14 15 1 15 16 1 17 18 1 17 19 1 20 21 1 20 22 1 
# 58 1 22 25
3 3 3 3 3 3 3 3 3 3 3 3 3 3 3 3 6 7 7 6 7 7
1 2 1 1 10 1 2 3 1 3 4 1 3 8 1 4 5 1 4 20 1 5 6 1 6 7 1 7 8 1 7 12 1 8 9 1 9 10 1 9 11 1 11 12 1 11 16 1 12 13 1 13 14 1 14 15 1 15 16 1 16 17 1 17 18 1 17 19 1 20 21 1 20 22 1 
# 59 1 21 24
3 3 3 3 3 3 3 3 3 3 3 3 3 3 3 3 3 3 6 7 7
1 2 1 1 6 1 2 3 1 3 4 1 4 5 1 4 14 1 5 6 1 5 7 1 7 8 1 7 12 1 8 9 1 9 10 1 10 11 1 11 12 1 12 13 1 13 14 1 13 18 1 14 15 1 15 16 1 16 17 1 17 18 1 17 19 1 19 20 1 19 21 1 
# 60 1 17 19
3 3 3 3 3 3 3 3 3 3 3 3 3 7 6 7 7
1 2 1 1 6 1 2 3 1 3 4 1 4 5 1 4 13 1 5 6 1 5 7 1 7 8 1 7 12 1 8 9 1 9 10 1 9 15 1 10 11 1 11 12 1 12 13 1 13 14 1 15 16 1 15 17 1 
# 61 1 17 19
3 3 3 3 3 3 3 3 3 3 3 3 3 3 6 7 7
1 2 1 1 6 1 2 3 1 3 4 1 4 5 1 4 10 1 5 6 1 5 7 1 7 8 1 8 9 1 9 10 1 9 14 1 10 11 1 11 12 1 12 13 1 13 14 1 13 15 1 15 16 1 15 17 1 
# 62 1 18 20
3 3 3 3 3 3 3 6 3 3 3 3 3 3 3 6 7 7
1 2 1 1 6 1 2 3 1 3 4 1 3 11 1 4 5 1 4 9 1 5 6 1 6 7 1 7 8 1 9 10 1 10 11 1 10 15 1 11 12 1 12 13 1 13 14 1 14 15 1 14 16 1 16 17 1 16 18 1 
# 63 1 18 19
3 3 3 3 3 3 6 7 7 3 3 3 3 3 3 6 7 7
1 2 1 1 6 1 2 3 1 3 4 1 3 10 1 4 5 1 5 6 1 5 7 1 7 8 1 7 9 1 10 11 1 10 15 1 11 12 1 12 13 1 13 14 1 13 16 1 14 15 1 16 17 1 16 18 1 
# 64 1 17 19
3 3 3 3 3 3 6 7 7 3 3 3 3 3 3 3 5
1 2 1 1 6 1 2 3 1 3 4 1 3 12 1 4 5 1 4 10 1 5 6 1 6 7 1 7 8 1 7 9 1 10 11 1 11 12 1 11 16 1 12 13 1 13 14 1 14 15 1 15 16 1 15 17 1 
# 65 1 23 27
3 3 3 3 3 3 3 3 3 3 3 3 3 3 3 3 3 3 3 3 6 7 7
1 2 1 1 6 1 2 3 1 3 4 1 4 5 1 4 10 1 5 6 1 5 7 1 7 8 1 8 9 1 9 10 1 9 18 1 10 11 1 11 12 1 12 13 1 12 17 1 13 14 1 14 15 1 15 16 1 16 17 1 16 20 1 17 18 1 18 19 1 19 20 1 20 21 1 21 22 1 21 23 1 
# 66 1 27 33
3 3 3 3 3 3 3 3 3 3 3 3 3 3 3 3 3 3 3 3 3 3 3 3 6 7 7
1 2 1 1 18 1 2 3 1 3 4 1 3 20 1 4 5 1 5 6 1 6 7 1 6 21 1 7 8 1 8 9 1 9 10 1 9 22 1 10 11 1 10 25 1 11 12 1 12 13 1 12 23 1 13 14 1 14 15 1 15 16 1 15 24 1 16 17 1 17 18 1 18 19 1 19 20 1 19 24 1 20 21 1 21 22 1 22 23 1 23 24 1 25 26 1 25 27 1 
# 67 1 17 19
3 3 3 3 3 3 6 7 7 3 3 3 3 3 3 3 7
1 2 1 1 6 1 2 3 1 3 4 1 3 12 1 4 5 1 4 10 1 5 6 1 6 7 1 7 8 1 7 9 1 10 11 1 11 12 1 11 16 1 12 13 1 13 14 1 14 15 1 15 16 1 15 17 1 
# 68 1 13 13
3 3 3 3 3 3 6 7 7 6 7 7 2
1 2 1 1 6 1 2 3 1 3 4 1 3 13 1 4 5 1 4 10 1 5 6 1 6 7 1 7 8 1 7 9 1 10 11 1 10 12 1 
# 69 1 23 27
3 3 3 3 3 3 3 3 3 3 3 3 3 3 3 3 3 3 3 3 6 7 7
1 2 1 1 6 1 2 3 1 3 4 1 4 5 1 4 18 1 5 6 1 5 7 1 7 8 1 8 9 1 8 17 1 9 10 1 10 11 1 11 12 1 11 16 1 12 13 1 13 14 1 14 15 1 14 21 1 15 16 1 15 20 1 16 17 1 17 18 1 18 19 1 19 20 1 21 22 1 21 23 1 
# 70 1 17 19
3 3 3 3 3 3 6 7 7 3 3 3 3 3 3 3 4
1 2 1 1 6 1 2 3 1 3 4 1 3 12 1 4 5 1 4 10 1 5 6 1 6 7 1 7 8 1 7 9 1 10 11 1 11 12 1 11 16 1 12 13 1 13 14 1 14 15 1 15 16 1 15 17 1 
# 71 1 23 25
3 3 3 3 3 3 6 7 7 3 7 3 3 3 3 3 3 6 7 7 6 7 7
1 2 1 1 6 1 2 3 1 3 4 1 3 13 1 4 5 1 4 10 1 5 6 1 6 7 1 7 8 1 7 9 1 10 11 1 10 12 1 12 13 1 12 17 1 13 14 1 14 15 1 14 21 1 15 16 1 16 17 1 16 18 1 18 19 1 18 20 1 21 22 1 21 23 1 
# 72 1 23 27
3 3 3 3 3 3 3 3 3 3 3 3 3 3 3 3 3 3 3 3 6 7 7
1 2 1 1 18 1 2 3 1 3 4 1 4 5 1 4 17 1 5 6 1 6 7 1 6 15 1 7 8 1 7 12 1 8 9 1 9 10 1 10 11 1 11 12 1 11 20 1 12 13 1 13 14 1 13 19 1 14 15 1 15 16 1 16 17 1 17 18 1 19 20 1 20 21 1 21 22 1 21 23 1 
# 73 1 22 25
3 3 3 3 3 3 3 3 3 3 3 3 3 3 3 3 6 7 7 6 7 7
1 2 1 1 6 1 2 3 1 3 4 1 4 5 1 4 13 1 5 6 1 5 7 1 7 8 1 7 12 1 8 9 1 9 10 1 10 11 1 11 12 1 11 16 1 12 13 1 13 14 1 14 15 1 14 20 1 15 16 1 15 17 1 17 18 1 17 19 1 20 21 1 20 22 1 
# 74 1 24 25
3 3 3 3 3 3 3 3 3 3 3 3 6 7 7 6 7 7 6 7 7 6 7 7
1 2 1 1 6 1 2 3 1 3 4 1 3 22 1 4 5 1 4 19 1 5 6 1 6 7 1 7 8 1 7 12 1 8 9 1 9 10 1 10 11 1 10 16 1 11 12 1 12 13 1 13 14 1 13 15 1 16 17 1 16 18 1 19 20 1 19 21 1 22 23 1 22 24 1 
# 75 1 23 25
3 3 3 3 3 3 6 3 7 3 4 4 4 3 3 3 3 3 3 3 6 7 7
1 2 1 1 6 1 2 3 1 3 4 1 3 16 1 4 5 1 4 14 1 5 6 1 6 7 1 7 8 1 8 9 1 8 10 1 10 11 1 10 12 1 10 13 1 14 15 1 15 16 1 15 20 1 16 17 1 17 18 1 18 19 1 19 20 1 19 21 1 21 22 1 21 23 1 
# 76 1 17 19
3 3 3 3 3 3 6 3 3 3 3 3 3 3 6 7 7
1 2 1 1 6 1 2 3 1 3 4 1 3 10 1 4 5 1 4 8 1 5 6 1 6 7 1 8 9 1 9 10 1 9 14 1 10 11 1 11 12 1 12 13 1 13 14 1 13 15 1 15 16 1 15 17 1 
# 77 1 17 18
3 3 3 3 3 3 3 3 3 3 3 3 3 3 6 7 7
1 2 1 1 6 1 2 3 1 3 4 1 4 5 1 4 7 1 5 6 1 7 8 1 8 9 1 9 10 1 9 14 1 10 11 1 11 12 1 12 13 1 12 15 1 13 14 1 15 16 1 15 17 1 
# 78 1 17 19
3 3 3 3 3 3 6 7 7 3 3 3 3 3 3 3 1
1 2 1 1 6 1 2 3 1 3 4 1 3 12 1 4 5 1 4 10 1 5 6 1 6 7 1 7 8 1 7 9 1 10 11 1 11 12 1 11 16 1 12 13 1 13 14 1 14 15 1 15 16 1 15 17 1 
# 79 1 19 22
3 3 3 3 3 3 3 3 3 3 3 3 3 3 3 3 6 7 7
1 2 1 1 6 1 2 3 1 3 4 1 4 5 1 4 13 1 5 6 1 5 7 1 7 8 1 7 12 1 8 9 1 9 10 1 10 11 1 11 12 1 11 16 1 12 13 1 13 14 1 14 15 1 15 16 1 15 17 1 17 18 1 17 19 1 
# 80 1 17 19
3 3 3 3 3 3 3 3 3 3 3 3 3 3 6 7 7
1 2 1 1 6 1 2 3 1 3 4 1 4 5 1 4 10 1 5 6 1 5 7 1 7 8 1 8 9 1 9 10 1 9 14 1 10 11 1 11 12 1 12 13 1 13 14 1 13 15 1 15 16 1 15 17 1 
# 81 1 12 12
3 3 3 3 3 3 6 7 7 6 7 7
1 2 1 1 6 1 2 3 1 3 4 1 3 10 1 4 5 1 5 6 1 6 7 1 7 8 1 7 9 1 10 11 1 10 12 1 
# 82 1 23 27
3 3 3 3 3 3 3 3 3 3 3 3 3 3 3 3 6 7 7 3 3 3 3
1 2 1 1 10 1 2 3 1 3 4 1 3 8 1 4 5 1 5 6 1 5 23 1 6 7 1 6 20 1 7 8 1 7 16 1 8 9 1 9 10 1 9 14 1 10 11 1 11 12 1 12 13 1 13 14 1 13 17 1 14 15 1 15 16 1 17 18 1 17 19 1 20 21 1 21 22 1 22 23 1 
# 83 1 22 25
3 3 3 3 3 3 3 3 3 3 3 3 3 3 6 7 7 3 3 6 7 7
1 2 1 1 6 1 2 3 1 2 20 1 3 4 1 4 5 1 4 19 1 5 6 1 5 10 1 6 7 1 7 8 1 8 9 1 9 10 1 9 14 1 10 11 1 11 12 1 11 18 1 12 13 1 13 14 1 13 15 1 15 16 1 15 17 1 18 19 1 20 21 1 20 22 1 
# 84 1 17 19
3 3 3 3 3 3 3 3 3 3 3 3 3 3 6 7 7
1 2 1 1 14 1 2 3 1 3 4 1 4 5 1 4 13 1 5 6 1 6 7 1 6 11 1 7 8 1 8 9 1 8 15 1 9 10 1 10 11 1 11 12 1 12 13 1 13 14 1 15 16 1 15 17 1 
# 85 1 20 22
3 3 3 3 3 3 6 7 7 6 3 3 3 3 3 3 6 6 7 7
1 2 1 1 6 1 2 3 1 3 4 1 3 17 1 4 5 1 4 10 1 5 6 1 6 7 1 7 8 1 7 9 1 10 11 1 11 12 1 11 16 1 12 13 1 13 14 1 13 18 1 14 15 1 15 16 1 16 17 1 18 19 1 18 20 1 
# 86 1 19 22
3 3 3 3 3 3 3 3 3 3 3 3 3 3 3 3 6 7 7
1 2 1 1 6 1 2 3 1 3 4 1 4 5 1 4 13 1 5 6 1 5 7 1 7 8 1 7 12 1 8 9 1 9 10 1 10 11 1 11 12 1 11 16 1 12 13 1 13 14 1 14 15 1 14 17 1 15 16 1 17 18 1 17 19 1 
# 87 1 16 17
3 3 3 3 3 3 3 3 6 7 7 3 3 6 7 7
1 2 1 1 13 1 2 3 1 3 4 1 3 8 1 4 5 1 4 12 1 5 6 1 6 7 1 7 8 1 8 9 1 9 10 1 9 11 1 12 13 1 12 14 1 14 15 1 14 16 1 
# 88 1 26 30
3 3 3 3 3 3 3 3 3 3 3 3 3 3 3 3 3 3 3 3 6 7 7 6 7 7
1 2 1 1 10 1 2 3 1 3 4 1 3 8 1 4 5 1 4 24 1 5 6 1 6 7 1 7 8 1 7 16 1 8 9 1 9 10 1 9 14 1 10 11 1 11 12 1 12 13 1 13 14 1 13 21 1 14 15 1 15 16 1 15 20 1 16 17 1 17 18 1 18 19 1 19 20 1 21 22 1 21 23 1 24 25 1 24 26 1 
# 89 1 26 30
3 3 3 3 3 3 3 3 3 3 3 3 3 3 3 3 3 3 3 3 6 7 7 6 7 7
1 2 1 1 14 1 2 3 1 3 4 1 3 12 1 4 5 1 5 6 1 6 7 1 6 11 1 7 8 1 7 24 1 8 9 1 9 10 1 9 21 1 10 11 1 10 16 1 11 12 1 12 13 1 13 14 1 13 15 1 15 16 1 15 20 1 16 17 1 17 18 1 18 19 1 19 20 1 21 22 1 21 23 1 24 25 1 24 26 1 
# 90 1 19 21
3 3 3 3 3 3 6 7 7 3 3 3 3 3 3 3 6 7 7
1 2 1 1 6 1 2 3 1 3 4 1 3 12 1 4 5 1 4 10 1 5 6 1 6 7 1 7 8 1 7 9 1 10 11 1 11 12 1 11 16 1 12 13 1 13 14 1 14 15 1 15 16 1 15 17 1 17 18 1 17 19 1 
# 91 1 19 21
3 3 3 3 3 3 6 7 7 7 3 3 3 3 3 3 7 2 2
1 2 1 1 6 1 2 3 1 3 4 1 3 17 1 4 5 1 4 10 1 5 6 1 6 7 1 7 8 1 7 9 1 10 11 1 11 12 1 11 16 1 12 13 1 13 14 1 13 19 1 14 15 1 14 18 1 15 16 1 16 17 1 
# 92 1 17 19
3 3 3 3 3 3 6 3 3 3 3 3 3 6 6 7 7
1 2 1 1 6 1 2 3 1 3 4 1 4 5 1 4 14 1 5 6 1 5 7 1 7 8 1 8 9 1 8 13 1 9 10 1 10 11 1 11 12 1 11 15 1 12 13 1 13 14 1 15 16 1 15 17 1 
# 93 1 21 22
3 3 3 3 3 3 3 3 3 3 3 3 6 7 7 6 7 7 6 7 7
1 2 1 1 6 1 2 3 1 3 4 1 3 19 1 4 5 1 5 6 1 6 7 1 7 8 1 7 12 1 8 9 1 9 10 1 10 11 1 10 16 1 11 12 1 12 13 1 13 14 1 13 15 1 16 17 1 16 18 1 19 20 1 19 21 1 
# 94 1 25 29
3 3 3 3 3 3 3 3 3 3 3 3 3 6 7 7 3 3 3 3 3 3 3 7 7
1 2 1 1 10 1 2 3 1 3 4 1 3 19 1 4 5 1 4 9 1 5 6 1 5 17 1 6 7 1 7 8 1 8 9 1 8 13 1 9 10 1 10 11 1 11 12 1 12 13 1 13 14 1 14 15 1 14 16 1 17 18 1 18 19 1 18 23 1 19 20 1 20 21 1 20 25 1 21 22 1 21 24 1 22 23 1 
# 95 1 23 27
3 3 3 3 3 3 3 3 3 3 3 3 3 3 3 3 3 3 3 3 6 7 7
1 2 1 1 6 1 2 3 1 3 4 1 4 5 1 4 10 1 5 6 1 5 7 1 7 8 1 8 9 1 9 10 1 9 14 1 10 11 1 11 12 1 11 20 1 12 13 1 12 18 1 13 14 1 13 15 1 15 16 1 16 17 1 17 18 1 18 19 1 19 20 1 19 21 1 21 22 1 21 23 1 
# 96 1 19 20
3 3 3 3 3 3 3 3 3 3 6 7 7 6 7 7 6 7 7
1 2 1 1 10 1 2 3 1 3 4 1 3 8 1 4 5 1 5 6 1 5 17 1 6 7 1 7 8 1 7 14 1 8 9 1 9 10 1 9 11 1 11 12 1 11 13 1 14 15 1 14 16 1 17 18 1 17 19 1 
# 97 1 17 19
3 3 3 3 3 3 6 7 7 3 3 3 3 3 3 3 2
1 2 1 1 6 1 2 3 1 3 4 1 3 12 1 4 5 1 4 10 1 5 6 1 6 7 1 7 8 1 7 9 1 10 11 1 11 12 1 11 16 1 12 13 1 13 14 1 14 15 1 15 16 1 15 17 1 
# 98 1 23 24
3 3 3 7 3 3 3 3 7 6 6 3 3 3 3 3 7 6 7 7 6 7 7
1 2 1 1 5 1 2 3 1 3 4 1 3 21 1 4 5 1 5 6 1 6 7 1 7 8 1 8 9 1 8 10 1 10 11 1 11 12 1 12 13 1 13 14 1 13 17 1 14 15 1 15 16 1 16 17 1 16 18 1 18 19 1 18 20 1 21 22 1 21 23 1 
# 99 1 20 22
3 3 3 3 3 3 6 7 7 3 7 3 3 3 3 3 3 6 7 7
1 2 1 1 6 1 2 3 1 3 4 1 3 13 1 4 5 1 4 10 1 5 6 1 6 7 1 7 8 1 7 9 1 10 11 1 10 12 1 12 13 1 12 17 1 13 14 1 14 15 1 15 16 1 16 17 1 16 18 1 18 19 1 18 20 1 
# 100 1 20 23
3 3 3 3 3 3 3 3 3 3 3 3 3 3 3 3 7 6 7 7
1 2 1 1 6 1 2 3 1 3 4 1 4 5 1 4 13 1 5 6 1 5 7 1 7 8 1 7 12 1 8 9 1 9 10 1 10 11 1 11 12 1 11 16 1 12 13 1 13 14 1 14 15 1 14 18 1 15 16 1 15 17 1 18 19 1 18 20 1 
# 101 1 23 27
3 3 3 3 3 3 3 3 3 3 3 3 3 3 3 3 3 3 3 3 6 7 7
1 2 1 1 6 1 2 3 1 3 4 1 4 5 1 4 18 1 5 6 1 5 7 1 7 8 1 8 9 1 8 17 1 9 10 1 10 11 1 11 12 1 11 16 1 12 13 1 12 21 1 13 14 1 14 15 1 15 16 1 15 20 1 16 17 1 17 18 1 18 19 1 19 20 1 21 22 1 21 23 1 
# 102 1 19 21
3 3 3 3 3 3 6 7 7 3 3 3 3 3 3 3 6 7 7
1 2 1 1 6 1 2 3 1 3 4 1 3 16 1 4 5 1 4 10 1 5 6 1 5 7 1 7 8 1 7 9 1 10 11 1 10 15 1 11 12 1 12 13 1 13 14 1 13 17 1 14 15 1 15 16 1 17 18 1 17 19 1 
# 103 1 28 31
3 3 3 3 3 3 3 3 3 3 3 3 3 3 3 3 6 7 7 6 7 7 6 7 7 6 7 7
1 2 1 1 10 1 2 3 1 3 4 1 3 8 1 4 5 1 4 26 1 5 6 1 6 7 1 6 23 1 7 8 1 7 16 1 8 9 1 9 10 1 9 14 1 10 11 1 11 12 1 11 20 1 12 13 1 13 14 1 13 17 1 14 15 1 15 16 1 17 18 1 17 19 1 20 21 1 20 22 1 23 24 1 23 25 1 26 27 1 26 28 1 
# 104 1 26 30
3 3 3 3 3 3 3 3 3 3 3 3 3 3 3 3 3 3 3 3 6 7 7 6 7 7
1 2 1 1 10 1 2 3 1 3 4 1 3 8 1 4 5 1 5 6 1 6 7 1 6 24 1 7 8 1 7 16 1 8 9 1 9 10 1 9 14 1 10 11 1 11 12 1 12 13 1 13 14 1 13 21 1 14 15 1 15 16 1 15 20 1 16 17 1 17 18 1 18 19 1 19 20 1 21 22 1 21 23 1 24 25 1 24 26 1 
# 105 1 16 18
3 3 3 3 3 3 3 3 3 3 3 3 3 6 7 7
1 2 1 1 6 1 2 3 1 3 4 1 4 5 1 4 9 1 5 6 1 5 7 1 7 8 1 8 9 1 8 13 1 9 10 1 10 11 1 11 12 1 12 13 1 12 14 1 14 15 1 14 16 1 
# 106 1 23 27
3 3 3 3 3 3 3 3 3 3 3 3 3 3 3 3 3 3 3 3 6 7 7
1 2 1 1 10 1 2 3 1 3 4 1 3 8 1 4 5 1 5 6 1 6 7 1 7 8 1 7 12 1 8 9 1 9 10 1 9 11 1 11 12 1 11 20 1 12 13 1 13 14 1 14 15 1 14 19 1 15 16 1 16 17 1 16 21 1 17 18 1 18 19 1 19 20 1 21 22 1 21 23 1 
# 107 1 18 19
3 3 3 3 3 3 3 3 3 3 3 3 6 7 7 6 7 7
1 2 1 1 6 1 2 3 1 3 4 1 3 16 1 4 5 1 5 6 1 6 7 1 7 8 1 7 12 1 8 9 1 9 10 1 10 11 1 10 13 1 11 12 1 13 14 1 13 15 1 16 17 1 16 18 1 
# 108 1 17 19
3 3 3 3 3 3 7 3 3 3 3 3 3 7 6 7 7
1 2 1 1 6 1 2 3 1 3 4 1 4 5 1 4 14 1 5 6 1 5 7 1 7 8 1 8 9 1 8 13 1 9 10 1 10 11 1 11 12 1 11 15 1 12 13 1 13 14 1 15 16 1 15 17 1 
# 109 1 19 22
3 3 3 3 3 3 3 3 3 3 3 3 3 3 3 3 6 7 7
1 2 1 1 10 1 2 3 1 3 4 1 3 8 1 4 5 1 5 6 1 6 7 1 7 8 1 7 12 1 8 9 1 9 10 1 9 11 1 11 12 1 11 16 1 12 13 1 13 14 1 13 17 1 14 15 1 15 16 1 17 18 1 17 19 1 
# 110 1 12 12
3 3 3 3 3 3 6 7 7 6 7 7
1 2 1 1 6 1 2 3 1 3 4 1 3 10 1 4 5 1 5 6 1 5 7 1 7 8 1 7 9 1 10 11 1 10 12 1 
# 111 1 25 28
3 3 3 3 3 3 3 3 3 3 3 3 3 3 3 3 6 7 7 6 7 7 6 7 7
1 2 1 1 6 1 2 3 1 3 4 1 4 5 1 4 13 1 5 6 1 5 7 1 7 8 1 7 12 1 8 9 1 9 10 1 10 11 1 10 23 1 11 12 1 11 16 1 12 13 1 13 14 1 14 15 1 14 20 1 15 16 1 15 17 1 17 18 1 17 19 1 20 21 1 20 22 1 23 24 1 23 25 1 
# 112 1 16 18
3 3 3 3 6 3 3 3 3 3 3 3 3 6 7 7
1 2 1 1 13 1 2 3 1 3 4 1 4 5 1 4 12 1 5 6 1 6 7 1 6 11 1 7 8 1 8 9 1 8 14 1 9 10 1 10 11 1 11 12 1 12 13 1 14 15 1 14 16 1 
# 113 1 23 27
3 3 3 3 3 3 3 3 3 3 3 3 3 3 3 3 3 3 3 3 6 7 7
1 2 1 1 6 1 2 3 1 3 4 1 4 5 1 4 18 1 5 6 1 5 7 1 7 8 1 8 9 1 8 17 1 9 10 1 9 14 1 10 11 1 11 12 1 12 13 1 13 14 1 14 15 1 15 16 1 16 17 1 16 20 1 17 18 1 18 19 1 19 20 1 20 21 1 21 22 1 21 23 1 
# 114 1 23 27
3 3 3 3 3 3 3 3 3 3 3 3 3 3 3 3 3 3 3 3 6 7 7
1 2 1 1 18 1 2 3 1 3 4 1 4 5 1 4 17 1 5 6 1 6 7 1 6 15 1 7 8 1 7 12 1 8 9 1 9 10 1 10 11 1 11 12 1 11 20 1 12 13 1 13 14 1 13 19 1 14 15 1 15 16 1 16 17 1 17 18 1 19 20 1 19 21 1 21 22 1 21 23 1 
# 115 1 16 18
3 3 3 3 3 3 3 3 3 3 3 3 7 6 7 7
1 2 1 1 6 1 2 3 1 3 4 1 4 5 1 4 13 1 5 6 1 5 7 1 7 8 1 7 12 1 8 9 1 9 10 1 9 14 1 10 11 1 11 12 1 12 13 1 14 15 1 14 16 1 
# 116 1 20 22
3 3 7 7 3 3 3 3 3 3 3 3 3 3 3 3 3 6 7 7
1 2 1 2 3 1 2 4 1 4 5 1 5 6 1 5 10 1 6 7 1 7 8 1 8 9 1 8 13 1 9 10 1 9 11 1 11 12 1 12 13 1 12 17 1 13 14 1 14 15 1 15 16 1 16 17 1 16 18 1 18 19 1 18 20 1 
# 117 1 23 27
3 3 3 3 3 3 3 3 3 3 3 3 3 3 3 3 3 3 3 3 6 7 7
1 2 1 1 6 1 2 3 1 3 4 1 4 5 1 4 14 1 5 6 1 5 7 1 7 8 1 7 12 1 8 9 1 9 10 1 10 11 1 11 12 1 11 20 1 12 13 1 13 14 1 13 18 1 14 15 1 15 16 1 15 21 1 16 17 1 17 18 1 18 19 1 19 20 1 21 22 1 21 23 1 
# 118 1 25 29
3 3 3 3 3 3 3 3 3 3 3 3 3 3 3 3 6 7 7 3 3 3 3 7 7
1 2 1 1 10 1 2 3 1 3 4 1 3 8 1 4 5 1 4 23 1 5 6 1 5 20 1 6 7 1 7 8 1 7 16 1 8 9 1 9 10 1 9 14 1 10 11 1 11 12 1 12 13 1 13 14 1 13 17 1 14 15 1 15 16 1 17 18 1 17 19 1 20 21 1 20 25 1 21 22 1 21 24 1 22 23 1 
# 119 1 19 22
3 3 3 3 3 3 3 3 3 3 3 3 3 3 6 7 7 3 3
1 2 1 1 6 1 2 3 1 3 4 1 3 19 1 4 5 1 4 10 1 5 6 1 5 7 1 7 8 1 8 9 1 9 10 1 9 14 1 10 11 1 11 12 1 11 18 1 12 13 1 13 14 1 13 15 1 15 16 1 15 17 1 18 19 1 
# 120 1 23 27
3 3 3 3 3 3 3 3 3 3 3 3 3 3 3 3 3 3 3 3 6 7 7
1 2 1 1 6 1 2 3 1 3 4 1 4 5 1 4 14 1 5 6 1 5 7 1 7 8 1 7 12 1 8 9 1 9 10 1 10 11 1 11 12 1 11 20 1 12 13 1 13 14 1 13 18 1 14 15 1 15 16 1 16 17 1 17 18 1 17 21 1 18 19 1 19 20 1 21 22 1 21 23 1 
# 121 1 19 22
3 3 3 3 3 3 3 3 3 3 3 3 3 3 3 3 6 7 7
1 2 1 1 14 1 2 3 1 3 4 1 3 12 1 4 5 1 5 6 1 6 7 1 6 11 1 7 8 1 8 9 1 9 10 1 10 11 1 10 16 1 11 12 1 12 13 1 13 14 1 13 15 1 15 16 1 16 17 1 17 18 1 17 19 1 
# 122 1 19 20
3 3 3 3 3 3 3 3 3 3 6 7 7 6 7 7 6 7 7
1 2 1 1 10 1 2 3 1 3 4 1 3 8 1 4 5 1 5 6 1 5 17 1 6 7 1 6 14 1 7 8 1 8 9 1 9 10 1 9 11 1 11 12 1 11 13 1 14 15 1 14 16 1 17 18 1 17 19 1 
# 123 1 25 28
3 3 3 3 3 3 3 3 3 3 3 3 3 3 3 3 6 7 7 6 7 7 6 7 7
1 2 1 1 10 1 2 3 1 3 4 1 3 8 1 4 5 1 4 23 1 5 6 1 6 7 1 6 20 1 7 8 1 7 16 1 8 9 1 9 10 1 9 14 1 10 11 1 11 12 1 12 13 1 13 14 1 13 17 1 14 15 1 15 16 1 17 18 1 17 19 1 20 21 1 20 22 1 23 24 1 23 25 1 
# 124 1 18 20
3 7 3 3 3 3 3 3 3 3 3 3 3 3 3 6 7 7
1 2 1 2 3 1 3 4 1 3 8 1 4 5 1 5 6 1 6 7 1 6 11 1 7 8 1 7 9 1 9 10 1 10 11 1 10 15 1 11 12 1 12 13 1 13 14 1 14 15 1 14 16 1 16 17 1 16 18 1 
# 125 1 15 17
3 3 3 3 3 3 3 3 3 3 3 3 6 7 7
1 2 1 1 10 1 2 3 1 3 4 1 3 8 1 4 5 1 5 6 1 6 7 1 7 8 1 7 12 1 8 9 1 9 10 1 9 11 1 11 12 1 12 13 1 13 14 1 13 15 1 
# 126 -1 16 17
3 3 3 3 3 3 6 3 3 3 3 3 3 6 7 7
1 2 1 1 6 1 2 3 1 3 4 1 3 8 1 4 5 1 5 6 1 5 7 1 8 9 1 8 13 1 9 10 1 10 11 1 11 12 1 12 13 1 12 14 1 14 15 1 14 16 1 
# 127 -1 24 25
3 3 3 3 3 3 6 7 7 3 3 3 3 3 3 6 7 7 6 7 7 6 7 7
1 2 1 1 6 1 2 3 1 3 4 1 3 22 1 4 5 1 4 10 1 5 6 1 5 7 1 7 8 1 7 9 1 10 11 1 10 15 1 11 12 1 12 13 1 13 14 1 13 19 1 14 15 1 15 16 1 16 17 1 16 18 1 19 20 1 19 21 1 22 23 1 22 24 1 
# 128 -1 11 11
3 3 3 3 3 3 3 7 6 7 7
1 2 1 1 6 1 2 3 1 3 4 1 3 9 1 4 5 1 5 6 1 6 7 1 7 8 1 9 10 1 9 11 1 
# 129 -1 13 13
3 3 3 3 3 3 6 7 7 6 7 7 6
1 2 1 1 6 1 2 3 1 3 4 1 3 13 1 4 5 1 4 10 1 5 6 1 6 7 1 7 8 1 7 9 1 10 11 1 10 12 1 
# 130 -1 16 17
3 3 3 3 3 3 3 3 3 3 3 3 6 7 7 6
1 2 1 1 6 1 2 3 1 3 4 1 4 5 1 4 16 1 5 6 1 5 7 1 7 8 1 7 12 1 8 9 1 9 10 1 10 11 1 10 13 1 11 12 1 13 14 1 13 15 1 
# 131 -1 10 10
3 3 3 3 3 3 6 7 7 4
1 2 1 1 6 1 2 3 1 3 4 1 3 10 1 4 5 1 5 6 1 6 7 1 7 8 1 7 9 1 
# 132 -1 21 22
3 3 3 3 3 3 3 3 3 3 3 3 6 7 7 6 7 7 6 7 7
1 2 1 1 6 1 2 3 1 3 4 1 4 5 1 4 19 1 5 6 1 5 7 1 7 8 1 7 12 1 8 9 1 9 10 1 10 11 1 10 16 1 11 12 1 12 13 1 13 14 1 13 15 1 16 17 1 16 18 1 19 20 1 19 21 1 
# 133 -1 13 14
3 6 3 3 3 3 3 3 3 6 6 7 7
1 2 1 2 3 1 2 10 1 3 4 1 3 8 1 4 5 1 5 6 1 6 7 1 6 11 1 7 8 1 8 9 1 9 10 1 11 12 1 11 13 1 
# 134 -1 17 18
3 3 3 3 3 3 3 3 3 3 3 3 3 3 6 7 7
1 2 1 2 3 1 2 7 1 3 4 1 4 5 1 5 6 1 6 7 1 7 8 1 8 9 1 8 13 1 9 10 1 10 11 1 11 12 1 11 15 1 12 13 1 12 14 1 15 16 1 15 17 1 
# 135 -1 11 11
3 3 3 3 3 3 4 4 6 7 7
1 2 1 1 6 1 2 3 1 3 4 1 3 9 1 4 5 1 4 8 1 5 6 1 6 7 1 9 10 1 9 11 1 
# 136 -1 14 14
3 3 3 3 3 3 6 7 7 6 7 7 6 6
1 2 1 1 6 1 2 3 1 3 4 1 3 13 1 4 5 1 4 10 1 5 6 1 6 7 1 7 8 1 7 9 1 10 11 1 10 12 1 13 14 1 
# 137 -1 11 11
3 7 3 3 3 3 3 3 6 7 7
1 2 1 2 3 1 3 4 1 3 8 1 4 5 1 5 6 1 6 7 1 7 8 1 8 9 1 9 10 1 9 11 1 
# 138 -1 19 20
3 3 3 3 3 3 3 3 3 7 3 3 3 3 3 3 6 7 7
1 2 1 1 6 1 2 3 1 3 4 1 4 5 1 4 7 1 5 6 1 7 8 1 8 9 1 9 10 1 9 11 1 11 12 1 11 16 1 12 13 1 13 14 1 14 15 1 14 17 1 15 16 1 17 18 1 17 19 1 
# 139 -1 11 11
3 3 3 3 3 3 3 7 6 7 7
1 2 1 1 6 1 2 3 1 3 4 1 4 5 1 4 9 1 5 6 1 5 7 1 7 8 1 9 10 1 9 11 1 
# 140 -1 21 23
3 3 3 3 3 3 2 2 7 3 3 3 3 3 3 2 6 7 7 2 7
1 2 1 1 6 1 2 3 1 2 21 1 3 4 1 3 9 1 4 5 1 5 6 1 5 8 1 6 7 1 9 10 1 10 11 1 10 15 1 11 12 1 11 21 1 12 13 1 13 14 1 13 20 1 14 15 1 14 17 1 15 16 1 17 18 1 17 19 1 
# 141 -1 11 11
3 3 3 3 3 3 6 7 7 2 4
1 2 1 1 6 1 2 3 1 3 4 1 3 11 1 4 5 1 4 10 1 5 6 1 6 7 1 7 8 1 7 9 1 
# 142 -1 13 14
3 6 6 3 3 3 3 3 3 3 6 7 7
1 2 1 2 3 1 2 10 1 3 4 1 4 5 1 4 9 1 5 6 1 6 7 1 6 11 1 7 8 1 8 9 1 9 10 1 11 12 1 11 13 1 
# 143 -1 11 11
3 3 3 3 3 3 2 6 7 7 6
1 2 1 1 6 1 2 3 1 3 4 1 3 11 1 4 5 1 4 8 1 5 6 1 6 7 1 8 9 1 8 10 1 
# 144 -1 11 11
3 3 3 3 3 3 2 2 6 7 7
1 2 1 1 6 1 2 3 1 3 4 1 3 9 1 4 5 1 4 8 1 5 6 1 5 7 1 9 10 1 9 11 1 
# 145 -1 20 22
3 3 3 3 3 3 7 3 3 3 3 3 3 7 2 2 2 6 7 7
1 2 1 1 6 1 2 3 1 2 18 1 3 4 1 3 17 1 4 5 1 5 6 1 5 14 1 6 7 1 7 8 1 8 9 1 8 13 1 9 10 1 10 11 1 10 16 1 11 12 1 11 15 1 12 13 1 13 14 1 18 19 1 18 20 1 
# 146 -1 12 12
3 3 7 3 3 3 3 3 3 6 7 7
1 2 1 2 3 1 3 4 1 4 5 1 4 9 1 5 6 1 6 7 1 7 8 1 8 9 1 9 10 1 10 11 1 10 12 1 
# 147 -1 11 11
3 3 3 3 3 3 2 6 7 7 2
1 2 1 1 6 1 2 3 1 3 4 1 3 11 1 4 5 1 4 8 1 5 6 1 6 7 1 8 9 1 8 10 1 
# 148 -1 13 14
3 3 6 3 3 3 3 3 3 6 6 7 7
1 2 1 2 3 1 2 10 1 3 4 1 4 5 1 4 9 1 5 6 1 6 7 1 6 11 1 7 8 1 8 9 1 9 10 1 11 12 1 11 13 1 
# 149 -1 13 14
3 6 3 3 3 3 3 3 3 6 6 7 7
1 2 1 2 3 1 2 10 1 3 4 1 3 8 1 4 5 1 5 6 1 5 11 1 6 7 1 7 8 1 8 9 1 9 10 1 11 12 1 11 13 1 
# 150 -1 12 12
3 3 6 3 3 6 3 3 7 6 7 7
1 2 1 2 3 1 2 6 1 3 4 1 4 5 1 5 6 1 5 10 1 6 7 1 7 8 1 8 9 1 10 11 1 10 12 1 
# 151 -1 12 13
3 3 3 3 6 3 6 6 7 7 3 3
1 2 1 1 12 1 2 3 1 3 4 1 3 7 1 4 5 1 4 11 1 5 6 1 6 7 1 6 8 1 8 9 1 8 10 1 11 12 1 
# 152 -1 14 14
3 7 3 3 3 3 3 3 6 7 7 6 7 7
1 2 1 2 3 1 3 4 1 3 8 1 4 5 1 5 6 1 6 7 1 6 12 1 7 8 1 8 9 1 9 10 1 9 11 1 12 13 1 12 14 1 
# 153 -1 12 13
3 3 3 3 3 3 6 7 7 6 3 3
1 2 1 1 6 1 2 3 1 3 4 1 3 12 1 4 5 1 4 10 1 5 6 1 6 7 1 7 8 1 7 9 1 10 11 1 11 12 1 
# 154 -1 14 14
3 3 3 3 3 3 6 7 7 6 1 6 7 7
1 2 1 1 6 1 2 3 1 2 12 1 3 4 1 4 5 1 4 11 1 5 6 1 5 10 1 6 7 1 7 8 1 7 9 1 12 13 1 12 14 1 
# 155 -1 11 11
3 7 3 3 3 3 3 3 6 7 7
1 2 1 2 3 1 3 4 1 3 8 1 4 5 1 5 6 1 6 7 1 6 9 1 7 8 1 9 10 1 9 11 1 
# 156 -1 22 24
3 3 3 3 3 3 2 2 7 3 3 3 3 3 3 2 2 6 7 7 2 7
1 2 1 1 6 1 2 3 1 2 22 1 3 4 1 3 9 1 4 5 1 5 6 1 5 8 1 6 7 1 9 10 1 10 11 1 10 15 1 11 12 1 11 22 1 12 13 1 12 21 1 13 14 1 13 18 1 14 15 1 14 17 1 15 16 1 18 19 1 18 20 1 
# 157 -1 22 23
3 3 3 3 3 3 3 3 3 7 3 3 3 3 3 3 6 7 7 6 7 7
1 2 1 1 6 1 2 3 1 3 4 1 3 20 1 4 5 1 5 6 1 6 7 1 7 8 1 8 9 1 9 10 1 9 11 1 11 12 1 11 16 1 12 13 1 13 14 1 14 15 1 14 17 1 15 16 1 17 18 1 17 19 1 20 21 1 20 22 1 
# 158 -1 11 11
3 3 3 3 3 3 6 6 7 7 6
1 2 1 1 6 1 2 3 1 3 4 1 3 11 1 4 5 1 4 8 1 5 6 1 5 7 1 8 9 1 8 10 1 
# 159 -1 11 11
3 3 3 3 3 3 6 6 7 7 6
1 2 1 1 6 1 2 3 1 3 4 1 3 11 1 4 5 1 4 8 1 5 6 1 6 7 1 8 9 1 8 10 1 
# 160 -1 14 15
3 3 3 3 3 3 3 3 3 3 6 6 7 7
1 2 1 2 3 1 2 11 1 3 4 1 4 5 1 5 6 1 5 10 1 6 7 1 7 8 1 8 9 1 9 10 1 9 12 1 10 11 1 12 13 1 12 14 1 
# 161 -1 13 13
3 3 3 3 3 3 4 6 7 7 6 7 7
1 2 1 1 6 1 2 3 1 3 4 1 3 11 1 4 5 1 4 8 1 5 6 1 6 7 1 8 9 1 8 10 1 11 12 1 11 13 1 
# 162 -1 12 13
3 3 3 3 3 3 6 7 7 3 3 6
1 2 1 1 6 1 2 3 1 3 4 1 3 12 1 4 5 1 4 10 1 5 6 1 6 7 1 7 8 1 7 9 1 10 11 1 11 12 1 
# 163 -1 16 18
3 3 3 3 6 3 3 3 3 3 3 3 3 6 7 7
1 2 1 1 13 1 2 3 1 3 4 1 4 5 1 4 12 1 5 6 1 6 7 1 6 11 1 7 8 1 8 9 1 9 10 1 9 14 1 10 11 1 11 12 1 12 13 1 14 15 1 14 16 1 
# 164 -1 13 14
3 3 3 3 3 3 3 3 6 3 6 7 7
1 2 1 1 10 1 2 3 1 3 4 1 3 8 1 4 5 1 5 6 1 5 11 1 6 7 1 7 8 1 8 9 1 9 10 1 11 12 1 11 13 1 
# 165 -1 13 14
3 3 3 3 3 3 6 3 3 3 6 7 7
1 2 1 1 10 1 2 3 1 3 4 1 3 8 1 4 5 1 5 6 1 6 7 1 7 8 1 8 9 1 9 10 1 9 11 1 11 12 1 11 13 1 
# 166 -1 13 14
3 3 3 3 3 3 3 3 3 3 6 7 7
1 2 1 1 10 1 2 3 1 3 4 1 4 5 1 4 9 1 5 6 1 6 7 1 6 11 1 7 8 1 8 9 1 9 10 1 11 12 1 11 13 1 
# 167 -1 14 15
3 3 3 3 3 3 3 3 3 3 3 6 7 7
1 2 1 2 3 1 2 11 1 3 4 1 4 5 1 4 9 1 5 6 1 6 7 1 7 8 1 8 9 1 9 10 1 10 11 1 11 12 1 12 13 1 12 14 1 
# 168 -1 15 16
3 3 3 3 3 3 3 3 3 3 3 3 6 7 7
1 2 1 1 6 1 2 3 1 3 4 1 4 5 1 4 7 1 5 6 1 7 8 1 7 12 1 8 9 1 9 10 1 10 11 1 10 13 1 11 12 1 13 14 1 13 15 1 
# 169 -1 15 16
3 7 3 3 3 3 3 3 6 3 3 3 6 7 7
1 2 1 2 3 1 3 4 1 3 12 1 4 5 1 5 6 1 5 10 1 6 7 1 7 8 1 8 9 1 9 10 1 10 11 1 11 12 1 11 13 1 13 14 1 13 15 1 
# 170 -1 13 14
3 3 3 3 3 3 3 6 3 3 6 7 7
1 2 1 1 10 1 2 3 1 3 4 1 3 8 1 4 5 1 4 9 1 5 6 1 6 7 1 7 8 1 9 10 1 9 11 1 11 12 1 11 13 1 
# 171 -1 13 14
3 3 3 3 3 3 3 3 3 3 6 7 7
1 2 1 1 6 1 2 3 1 3 4 1 4 5 1 4 10 1 5 6 1 5 7 1 7 8 1 8 9 1 9 10 1 10 11 1 11 12 1 11 13 1 
# 172 -1 13 14
3 6 3 3 3 3 3 3 3 6 6 7 7
1 2 1 2 3 1 2 10 1 3 4 1 4 5 1 4 9 1 5 6 1 6 7 1 6 11 1 7 8 1 8 9 1 9 10 1 11 12 1 11 13 1 
# 173 -1 14 15
3 3 3 3 3 3 3 3 3 3 3 6 7 7
1 2 1 2 3 1 2 11 1 3 4 1 3 8 1 4 5 1 5 6 1 6 7 1 7 8 1 8 9 1 9 10 1 10 11 1 11 12 1 12 13 1 12 14 1 
# 174 -1 11 11
3 3 3 3 3 3 4 6 7 7 4
1 2 1 1 6 1 2 3 1 3 4 1 3 11 1 4 5 1 4 8 1 5 6 1 6 7 1 8 9 1 8 10 1 
# 175 -1 11 11
3 3 3 3 3 3 6 7 7 7 6
1 2 1 1 6 1 2 3 1 3 4 1 3 11 1 4 5 1 4 10 1 5 6 1 6 7 1 7 8 1 7 9 1 
# 176 -1 16 17
3 3 3 3 3 3 3 3 3 3 6 7 7 6 7 7
1 2 1 1 6 1 2 3 1 3 4 1 4 5 1 4 10 1 5 6 1 5 7 1 7 8 1 8 9 1 8 14 1 9 10 1 10 11 1 11 12 1 11 13 1 14 15 1 14 16 1 
# 177 -1 16 17
3 3 3 3 3 3 6 7 7 3 3 3 3 3 3 6
1 2 1 1 6 1 2 3 1 3 4 1 3 10 1 4 5 1 5 6 1 5 7 1 7 8 1 7 9 1 10 11 1 10 15 1 11 12 1 12 13 1 13 14 1 13 16 1 14 15 1 
# 178 -1 14 15
3 3 3 3 3 3 6 7 7 3 7 3 7 6
1 2 1 1 6 1 2 3 1 3 4 1 3 14 1 4 5 1 4 10 1 5 6 1 6 7 1 7 8 1 7 9 1 10 11 1 10 12 1 12 13 1 12 14 1 
# 179 -1 16 17
3 3 3 3 3 3 3 3 3 3 3 3 6 6 7 7
1 2 1 1 6 1 2 3 1 3 4 1 4 5 1 4 14 1 5 6 1 5 7 1 7 8 1 7 12 1 8 9 1 9 10 1 10 11 1 11 12 1 11 13 1 14 15 1 14 16 1 
# 180 -1 10 10
3 3 3 3 3 3 6 7 7 2
1 2 1 1 6 1 2 3 1 3 4 1 4 5 1 4 10 1 5 6 1 5 7 1 7 8 1 7 9 1 
# 181 -1 16 17
3 3 3 3 3 3 3 3 3 3 3 3 6 7 7 6
1 2 1 1 6 1 2 3 1 3 4 1 4 5 1 4 16 1 5 6 1 5 7 1 7 8 1 7 12 1 8 9 1 9 10 1 10 11 1 11 12 1 11 13 1 13 14 1 13 15 1 
# 182 -1 16 17
3 3 3 3 3 3 3 3 3 3 3 3 3 6 7 7
1 2 1 2 3 1 2 7 1 3 4 1 4 5 1 5 6 1 6 7 1 7 8 1 8 9 1 8 13 1 9 10 1 10 11 1 11 12 1 11 14 1 12 13 1 14 15 1 14 16 1 
# 183 -1 16 17
3 3 3 3 3 3 3 6 7 7 3 3 3 3 3 3
1 2 1 2 3 1 2 7 1 3 4 1 4 5 1 4 11 1 5 6 1 6 7 1 7 8 1 8 9 1 8 10 1 11 12 1 11 16 1 12 13 1 13 14 1 14 15 1 15 16 1 
# 184 -1 11 11
3 3 3 3 3 3 3 3 6 7 7
1 2 1 2 3 1 3 4 1 3 8 1 4 5 1 5 6 1 6 7 1 6 9 1 7 8 1 9 10 1 9 11 1 
# 185 -1 12 12
3 3 7 3 3 3 3 3 3 6 7 7
1 2 1 2 3 1 2 4 1 4 5 1 4 9 1 5 6 1 6 7 1 7 8 1 7 10 1 8 9 1 10 11 1 10 12 1 
# 186 -1 13 14
3 6 3 3 3 3 3 3 6 7 7 3 6
1 2 1 2 3 1 2 13 1 3 4 1 3 8 1 4 5 1 4 12 1 5 6 1 6 7 1 7 8 1 8 9 1 9 10 1 9 11 1 12 13 1 
# 187 -1 13 14
3 3 3 3 6 3 3 3 3 3 6 7 7
1 2 1 1 10 1 2 3 1 3 4 1 3 8 1 4 5 1 5 6 1 6 7 1 7 8 1 8 9 1 9 10 1 9 11 1 11 12 1 11 13 1 
# 188 -1 12 13
3 3 3 6 3 6 3 3 3 6 7 7
1 2 1 1 9 1 2 3 1 3 4 1 3 7 1 4 5 1 5 6 1 6 7 1 7 8 1 8 9 1 9 10 1 10 11 1 10 12 1 
$
